0 0 -33
1 0 -32
2 0 -35
3 0 -35
4 0 -35
5 0 -33
6 0 -34
7 0 -37
8 0 -37
9 0 -41
10 0 -41
11 0 -45
12 0 -41
13 0 -38
14 0 0
15 0 0
16 0 0
17 0 0
18 0 0
19 0 0
20 0 0
21 0 0
22 0 0
23 0 0
24 0 -26
25 0 -30
26 0 -26
27 0 -31
28 0 -31
29 0 -32
30 0 -31
31 0 0
32 0 -35
33 0 -37
34 0 -34
35 0 -37
36 0 -35
37 0 -36
38 0 -38
39 0 -36
40 0 -41
41 0 -38
42 0 -41
43 0 -39
44 0 -39
45 0 -39
46 0 -40
47 0 -40
48 0 -40
49 0 -39
0 1 -31
1 1 -30
2 1 -30
3 1 -32
4 1 -34
5 1 -31
6 1 -36
7 1 0
8 1 0
9 1 -42
10 1 -47
11 1 -49
12 1 -46
13 1 -39
14 1 0
15 1 -31
16 1 0
17 1 0
18 1 0
19 1 0
20 1 0
21 1 0
22 1 0
23 1 -22
24 1 -25
25 1 -27
26 1 -29
27 1 -29
28 1 -30
29 1 -31
30 1 -34
31 1 -35
32 1 -37
33 1 -36
34 1 -38
35 1 -36
36 1 -35
37 1 -37
38 1 -35
39 1 -40
40 1 -37
41 1 -41
42 1 -39
43 1 -41
44 1 -41
45 1 -40
46 1 -37
47 1 -37
48 1 -41
49 1 -40
0 2 -34
1 2 -30
2 2 -32
3 2 -32
4 2 -31
5 2 -33
6 2 -33
7 2 0
8 2 -33
9 2 -41
10 2 -48
11 2 -50
12 2 -46
13 2 -39
14 2 0
15 2 -33
16 2 0
17 2 0
18 2 0
19 2 0
20 2 0
21 2 0
22 2 -23
23 2 -25
24 2 -27
25 2 -27
26 2 -26
27 2 -30
28 2 -31
29 2 -35
30 2 -32
31 2 -36
32 2 -35
33 2 -38
34 2 -36
35 2 -36
36 2 -35
37 2 -38
38 2 -34
39 2 -37
40 2 -38
41 2 -38
42 2 -42
43 2 -39
44 2 -38
45 2 -40
46 2 -39
47 2 -41
48 2 -38
49 2 -39
0 3 -30
1 3 0
2 3 -32
3 3 0
4 3 -32
5 3 -31
6 3 -31
7 3 -30
8 3 -30
9 3 -33
10 3 0
11 3 -47
12 3 -39
13 3 -33
14 3 -31
15 3 0
16 3 0
17 3 0
18 3 0
19 3 0
20 3 0
21 3 -24
22 3 0
23 3 -22
24 3 -22
25 3 -24
26 3 -28
27 3 -28
28 3 0
29 3 -33
30 3 -34
31 3 -33
32 3 -37
33 3 -35
34 3 -35
35 3 -34
36 3 -36
37 3 -38
38 3 -35
39 3 -37
40 3 -39
41 3 -40
42 3 -41
43 3 -39
44 3 -39
45 3 -42
46 3 -40
47 3 -40
48 3 -41
49 3 -40
0 4 -35
1 4 -30
2 4 -28
3 4 -28
4 4 -27
5 4 -30
6 4 -28
7 4 -28
8 4 -28
9 4 -29
10 4 -30
11 4 0
12 4 -32
13 4 -30
14 4 -29
15 4 0
16 4 0
17 4 0
18 4 -56
19 4 0
20 4 0
21 4 0
22 4 0
23 4 -24
24 4 0
25 4 -24
26 4 -24
27 4 -28
28 4 -30
29 4 -34
30 4 -36
31 4 -34
32 4 -36
33 4 -32
34 4 -35
35 4 -37
36 4 -34
37 4 -35
38 4 -37
39 4 -37
40 4 -41
41 4 -37
42 4 -40
43 4 -41
44 4 -41
45 4 -40
46 4 -39
47 4 -40
48 4 -41
49 4 -41
0 5 -30
1 5 -30
2 5 -28
3 5 -28
4 5 -27
5 5 -26
6 5 -27
7 5 -25
8 5 -25
9 5 -25
10 5 -26
11 5 -27
12 5 -28
13 5 -28
14 5 -29
15 5 -27
16 5 0
17 5 0
18 5 0
19 5 0
20 5 0
21 5 0
22 5 0
23 5 -19
24 5 -16
25 5 -22
26 5 -28
27 5 -29
28 5 -31
29 5 -33
30 5 -36
31 5 -36
32 5 -34
33 5 -36
34 5 -35
35 5 -37
36 5 -35
37 5 -37
38 5 -38
39 5 -41
40 5 -40
41 5 -41
42 5 -39
43 5 -40
44 5 -39
45 5 -40
46 5 -40
47 5 -41
48 5 -39
49 5 -42
0 6 -30
1 6 -31
2 6 -29
3 6 -28
4 6 -26
5 6 0
6 6 -28
7 6 -24
8 6 -23
9 6 -26
10 6 -24
11 6 -27
12 6 -26
13 6 0
14 6 -26
15 6 -23
16 6 0
17 6 0
18 6 0
19 6 0
20 6 -28
21 6 -25
22 6 0
23 6 -19
24 6 -21
25 6 -26
26 6 -26
27 6 -28
28 6 -32
29 6 -35
30 6 -35
31 6 -34
32 6 -36
33 6 -35
34 6 -33
35 6 -34
36 6 -37
37 6 -35
38 6 -39
39 6 -40
40 6 -39
41 6 -39
42 6 -41
43 6 -40
44 6 -37
45 6 -38
46 6 -40
47 6 -39
48 6 -41
49 6 -39
0 7 -28
1 7 -28
2 7 -29
3 7 -27
4 7 -29
5 7 -25
6 7 -26
7 7 -23
8 7 -22
9 7 -21
10 7 -23
11 7 -23
12 7 -26
13 7 -24
14 7 -22
15 7 -22
16 7 0
17 7 0
18 7 0
19 7 0
20 7 0
21 7 -28
22 7 0
23 7 -22
24 7 -24
25 7 0
26 7 -28
27 7 -32
28 7 -31
29 7 -32
30 7 -36
31 7 -33
32 7 -36
33 7 -36
34 7 -36
35 7 -37
36 7 -35
37 7 -38
38 7 -39
39 7 -41
40 7 -41
41 7 -40
42 7 -39
43 7 -40
44 7 -41
45 7 -41
46 7 -40
47 7 -40
48 7 -39
49 7 -41
0 8 -30
1 8 -30
2 8 -29
3 8 -28
4 8 -28
5 8 -23
6 8 -24
7 8 -23
8 8 -24
9 8 -17
10 8 -21
11 8 -22
12 8 -24
13 8 0
14 8 -23
15 8 -21
16 8 0
17 8 -23
18 8 0
19 8 -22
20 8 -24
21 8 -26
22 8 -28
23 8 -27
24 8 0
25 8 -28
26 8 -29
27 8 -32
28 8 -31
29 8 -32
30 8 -32
31 8 -34
32 8 -34
33 8 -34
34 8 -36
35 8 -36
36 8 -39
37 8 -37
38 8 -39
39 8 -40
40 8 -41
41 8 -38
42 8 -39
43 8 -41
44 8 -42
45 8 -40
46 8 -40
47 8 -41
48 8 -40
49 8 -40
0 9 -28
1 9 -27
2 9 -26
3 9 -24
4 9 -24
5 9 -21
6 9 -21
7 9 -19
8 9 -20
9 9 -16
10 9 -19
11 9 -21
12 9 -23
13 9 -24
14 9 -22
15 9 -21
16 9 -19
17 9 -20
18 9 -19
19 9 0
20 9 -27
21 9 -27
22 9 -26
23 9 -27
24 9 -24
25 9 -28
26 9 -31
27 9 -33
28 9 -35
29 9 -34
30 9 -35
31 9 -34
32 9 -34
33 9 -32
34 9 -38
35 9 -37
36 9 -38
37 9 -40
38 9 -41
39 9 -40
40 9 -41
41 9 -39
42 9 -41
43 9 -41
44 9 -40
45 9 -39
46 9 -41
47 9 -41
48 9 -40
49 9 -40
0 10 -27
1 10 -24
2 10 -25
3 10 -21
4 10 -20
5 10 -23
6 10 -19
7 10 -17
8 10 -18
9 10 -18
10 10 -19
11 10 -21
12 10 -22
13 10 -24
14 10 0
15 10 -21
16 10 -18
17 10 -15
18 10 -18
19 10 -24
20 10 -24
21 10 -25
22 10 -27
23 10 -24
24 10 -26
25 10 -25
26 10 -29
27 10 -35
28 10 -34
29 10 -36
30 10 -35
31 10 -37
32 10 -34
33 10 -35
34 10 -36
35 10 -39
36 10 -40
37 10 -44
38 10 -40
39 10 -40
40 10 -40
41 10 -42
42 10 -41
43 10 -38
44 10 -38
45 10 -40
46 10 -41
47 10 -40
48 10 -39
49 10 -41
0 11 -24
1 11 -25
2 11 -21
3 11 -22
4 11 -20
5 11 -19
6 11 -14
7 11 -14
8 11 -11
9 11 -13
10 11 -17
11 11 -20
12 11 -21
13 11 -21
14 11 -20
15 11 -17
16 11 -17
17 11 -12
18 11 -19
19 11 0
20 11 0
21 11 -28
22 11 -27
23 11 -27
24 11 -19
25 11 -21
26 11 -25
27 11 -32
28 11 -36
29 11 -33
30 11 -37
31 11 -35
32 11 -35
33 11 -36
34 11 -35
35 11 -36
36 11 -40
37 11 -40
38 11 -40
39 11 -41
40 11 -40
41 11 -41
42 11 -40
43 11 -41
44 11 -41
45 11 -39
46 11 -37
47 11 -40
48 11 -40
49 11 -40
0 12 -24
1 12 -23
2 12 -22
3 12 -20
4 12 -17
5 12 -14
6 12 -14
7 12 -9
8 12 -9
9 12 -13
10 12 -18
11 12 -19
12 12 0
13 12 -20
14 12 0
15 12 -20
16 12 -14
17 12 0
18 12 -20
19 12 -23
20 12 -28
21 12 -29
22 12 -27
23 12 -25
24 12 -27
25 12 -25
26 12 -28
27 12 -32
28 12 -33
29 12 -36
30 12 -36
31 12 -37
32 12 -34
33 12 -36
34 12 -37
35 12 -38
36 12 -37
37 12 -41
38 12 -40
39 12 -44
40 12 -41
41 12 -41
42 12 -41
43 12 -38
44 12 -41
45 12 -40
46 12 -40
47 12 -40
48 12 -37
49 12 -37
0 13 -23
1 13 -23
2 13 -21
3 13 -22
4 13 -17
5 13 -13
6 13 -9
7 13 -10
8 13 -5
9 13 -12
10 13 -16
11 13 -19
12 13 -18
13 13 -20
14 13 -20
15 13 -17
16 13 -20
17 13 -19
18 13 -22
19 13 -24
20 13 -29
21 13 -31
22 13 -30
23 13 -29
24 13 -27
25 13 -28
26 13 -28
27 13 -32
28 13 -32
29 13 -34
30 13 -36
31 13 -35
32 13 -35
33 13 -37
34 13 -33
35 13 -37
36 13 -37
37 13 -35
38 13 -39
39 13 -39
40 13 -41
41 13 -41
42 13 -40
43 13 -37
44 13 -40
45 13 -39
46 13 -40
47 13 -38
48 13 -36
49 13 -37
0 14 -23
1 14 -23
2 14 -23
3 14 -22
4 14 -17
5 14 -15
6 14 -13
7 14 -10
8 14 -7
9 14 -12
10 14 -18
11 14 -21
12 14 -22
13 14 -22
14 14 -21
15 14 -21
16 14 -19
17 14 -20
18 14 -27
19 14 -27
20 14 -28
21 14 -29
22 14 -29
23 14 -31
24 14 -30
25 14 -29
26 14 -31
27 14 -34
28 14 -32
29 14 -32
30 14 -35
31 14 -33
32 14 -37
33 14 -35
34 14 -36
35 14 -34
36 14 -35
37 14 -36
38 14 -39
39 14 -39
40 14 -38
41 14 -41
42 14 -41
43 14 -38
44 14 -39
45 14 -40
46 14 -39
47 14 -38
48 14 -40
49 14 -40
0 15 -22
1 15 -26
2 15 -23
3 15 -20
4 15 -20
5 15 -18
6 15 -15
7 15 -15
8 15 -14
9 15 -16
10 15 -17
11 15 -19
12 15 -22
13 15 -20
14 15 -23
15 15 -19
16 15 -23
17 15 -23
18 15 -25
19 15 -29
20 15 -30
21 15 -30
22 15 -31
23 15 -31
24 15 -31
25 15 -33
26 15 -31
27 15 -35
28 15 -33
29 15 -35
30 15 -35
31 15 -33
32 15 -37
33 15 -36
34 15 -35
35 15 -32
36 15 -35
37 15 -35
38 15 -37
39 15 -40
40 15 -37
41 15 -39
42 15 -38
43 15 -41
44 15 -41
45 15 -40
46 15 -39
47 15 -40
48 15 -39
49 15 -39
0 16 -25
1 16 -22
2 16 -24
3 16 -20
4 16 -20
5 16 -20
6 16 -18
7 16 -16
8 16 -15
9 16 -18
10 16 -19
11 16 -20
12 16 -20
13 16 -21
14 16 -20
15 16 -23
16 16 -22
17 16 -27
18 16 -26
19 16 -26
20 16 -29
21 16 -32
22 16 -31
23 16 -35
24 16 -33
25 16 -33
26 16 -35
27 16 -34
28 16 -35
29 16 -36
30 16 -36
31 16 -34
32 16 -34
33 16 -37
34 16 -35
35 16 -36
36 16 -36
37 16 -35
38 16 -37
39 16 -39
40 16 -41
41 16 -38
42 16 -41
43 16 -40
44 16 -41
45 16 -41
46 16 -39
47 16 -40
48 16 -41
49 16 -37
0 17 -24
1 17 -23
2 17 -22
3 17 -19
4 17 -22
5 17 -21
6 17 -21
7 17 -19
8 17 -18
9 17 -19
10 17 -20
11 17 -21
12 17 -22
13 17 -21
14 17 -21
15 17 -22
16 17 -23
17 17 -27
18 17 -24
19 17 -26
20 17 -30
21 17 -30
22 17 -31
23 17 -34
24 17 -34
25 17 -35
26 17 -37
27 17 -35
28 17 -33
29 17 -35
30 17 -32
31 17 -34
32 17 -32
33 17 -34
34 17 -34
35 17 -33
36 17 -36
37 17 -35
38 17 -36
39 17 -37
40 17 -39
41 17 -37
42 17 -37
43 17 -39
44 17 -41
45 17 -42
46 17 -40
47 17 -40
48 17 -41
49 17 -40
0 18 -24
1 18 -25
2 18 -24
3 18 -23
4 18 -24
5 18 -22
6 18 -22
7 18 -21
8 18 -22
9 18 -22
10 18 -20
11 18 -22
12 18 -23
13 18 -24
14 18 -22
15 18 -26
16 18 -24
17 18 -26
18 18 -27
19 18 -27
20 18 -30
21 18 -31
22 18 -32
23 18 -32
24 18 -37
25 18 -36
26 18 -35
27 18 -34
28 18 -35
29 18 -34
30 18 -36
31 18 -33
32 18 -34
33 18 -33
34 18 -32
35 18 -35
36 18 -37
37 18 -34
38 18 -38
39 18 -36
40 18 -40
41 18 -36
42 18 -40
43 18 -41
44 18 -40
45 18 -40
46 18 -41
47 18 -39
48 18 -40
49 18 -41
0 19 -22
1 19 -22
2 19 -24
3 19 -22
4 19 -23
5 19 -21
6 19 -23
7 19 -24
8 19 -21
9 19 0
10 19 -22
11 19 -23
12 19 -22
13 19 -25
14 19 -26
15 19 -24
16 19 -26
17 19 -25
18 19 -27
19 19 -28
20 19 -27
21 19 -31
22 19 -33
23 19 -35
24 19 -34
25 19 -34
26 19 -32
27 19 -32
28 19 -35
29 19 -34
30 19 -34
31 19 -33
32 19 -32
33 19 -35
34 19 -34
35 19 -33
36 19 -34
37 19 -37
38 19 -37
39 19 -39
40 19 -39
41 19 -39
42 19 -36
43 19 -40
44 19 -41
45 19 -41
46 19 -42
47 19 -41
48 19 -40
49 19 -41
0 20 -21
1 20 -24
2 20 -22
3 20 -22
4 20 -23
5 20 -21
6 20 -20
7 20 -21
8 20 -22
9 20 -22
10 20 -22
11 20 -25
12 20 -24
13 20 -24
14 20 -26
15 20 -26
16 20 -24
17 20 -21
18 20 -27
19 20 -26
20 20 -29
21 20 -30
22 20 -34
23 20 -34
24 20 -34
25 20 -36
26 20 -34
27 20 -33
28 20 -34
29 20 -35
30 20 -33
31 20 -37
32 20 -34
33 20 -34
34 20 -36
35 20 -33
36 20 -37
37 20 -35
38 20 -39
39 20 -40
40 20 -40
41 20 -39
42 20 -40
43 20 -40
44 20 -40
45 20 -40
46 20 -39
47 20 -39
48 20 -39
49 20 -41
0 21 -19
1 21 -22
2 21 -24
3 21 -24
4 21 -22
5 21 -21
6 21 -23
7 21 -21
8 21 -21
9 21 -22
10 21 -24
11 21 -23
12 21 -26
13 21 -24
14 21 -26
15 21 -28
16 21 -25
17 21 -27
18 21 -28
19 21 -31
20 21 -31
21 21 -30
22 21 -33
23 21 -31
24 21 -33
25 21 -35
26 21 -33
27 21 -33
28 21 -34
29 21 -36
30 21 -33
31 21 -36
32 21 -34
33 21 -36
34 21 -37
35 21 -36
36 21 -36
37 21 -37
38 21 -39
39 21 -37
40 21 -42
41 21 -40
42 21 -41
43 21 -40
44 21 -38
45 21 -40
46 21 -39
47 21 -38
48 21 -39
49 21 -41
0 22 -23
1 22 -22
2 22 -24
3 22 -22
4 22 -22
5 22 -23
6 22 -23
7 22 -22
8 22 -22
9 22 -22
10 22 -21
11 22 -25
12 22 -22
13 22 -25
14 22 -24
15 22 -25
16 22 -27
17 22 -27
18 22 -27
19 22 -29
20 22 -31
21 22 -33
22 22 -34
23 22 -30
24 22 -33
25 22 -34
26 22 -36
27 22 -32
28 22 -34
29 22 -34
30 22 -35
31 22 -34
32 22 -34
33 22 -36
34 22 -37
35 22 -38
36 22 -40
37 22 -38
38 22 -38
39 22 -41
40 22 -41
41 22 -40
42 22 -39
43 22 -42
44 22 -41
45 22 -40
46 22 -41
47 22 -40
48 22 -37
49 22 -36
0 23 -21
1 23 -23
2 23 -21
3 23 -22
4 23 -22
5 23 -20
6 23 -23
7 23 -22
8 23 -21
9 23 -22
10 23 -21
11 23 -21
12 23 -17
13 23 -23
14 23 -25
15 23 -24
16 23 -26
17 23 -27
18 23 -28
19 23 -30
20 23 -31
21 23 -33
22 23 -30
23 23 -31
24 23 -32
25 23 -33
26 23 -34
27 23 -37
28 23 -37
29 23 -35
30 23 -34
31 23 -37
32 23 -37
33 23 -34
34 23 -39
35 23 -39
36 23 -40
37 23 -40
38 23 -40
39 23 -40
40 23 -39
41 23 -39
42 23 -41
43 23 -41
44 23 -41
45 23 -41
46 23 -40
47 23 -40
48 23 -36
49 23 -39
0 24 -23
1 24 -23
2 24 -20
3 24 -21
4 24 -23
5 24 -22
6 24 -20
7 24 -22
8 24 -22
9 24 -21
10 24 -18
11 24 -18
12 24 -20
13 24 -22
14 24 -23
15 24 -26
16 24 -28
17 24 -26
18 24 -27
19 24 -28
20 24 -32
21 24 -30
22 24 -34
23 24 -34
24 24 -33
25 24 -33
26 24 -33
27 24 -35
28 24 -37
29 24 -35
30 24 -34
31 24 -33
32 24 -37
33 24 -36
34 24 -38
35 24 -37
36 24 -41
37 24 -41
38 24 -41
39 24 -41
40 24 -41
41 24 -41
42 24 -39
43 24 -40
44 24 -40
45 24 -39
46 24 -38
47 24 -37
48 24 -39
49 24 -36
0 25 -24
1 25 -23
2 25 -23
3 25 -17
4 25 -18
5 25 -22
6 25 -20
7 25 -22
8 25 -18
9 25 -19
10 25 -16
11 25 -20
12 25 -22
13 25 -22
14 25 -22
15 25 -24
16 25 -26
17 25 -27
18 25 -29
19 25 -29
20 25 -31
21 25 -29
22 25 -33
23 25 -33
24 25 -33
25 25 -34
26 25 -35
27 25 -37
28 25 -34
29 25 -34
30 25 -33
31 25 -37
32 25 -36
33 25 -39
34 25 -38
35 25 -41
36 25 -39
37 25 -41
38 25 -40
39 25 -41
40 25 -42
41 25 -40
42 25 -40
43 25 -39
44 25 -41
45 25 -41
46 25 -39
47 25 -37
48 25 -39
49 25 -35
0 26 -23
1 26 -21
2 26 -21
3 26 -20
4 26 -20
5 26 -22
6 26 -19
7 26 -17
8 26 -18
9 26 -18
10 26 -18
11 26 -16
12 26 -19
13 26 -23
14 26 -23
15 26 -25
16 26 -28
17 26 -27
18 26 -25
19 26 -26
20 26 -27
21 26 -30
22 26 -32
23 26 -34
24 26 -34
25 26 -33
26 26 -35
27 26 -37
28 26 -36
29 26 -37
30 26 -37
31 26 -37
32 26 -37
33 26 -41
34 26 -39
35 26 -37
36 26 -41
37 26 -41
38 26 -40
39 26 -41
40 26 -44
41 26 -40
42 26 -41
43 26 -41
44 26 -39
45 26 -40
46 26 -39
47 26 -39
48 26 -37
49 26 -36
0 27 -23
1 27 -24
2 27 -22
3 27 -21
4 27 -19
5 27 -17
6 27 -19
7 27 -18
8 27 -17
9 27 -17
10 27 -15
11 27 -13
12 27 -17
13 27 -21
14 27 -20
15 27 -24
16 27 -23
17 27 -24
18 27 -24
19 27 -27
20 27 -27
21 27 -29
22 27 -31
23 27 -34
24 27 -32
25 27 -35
26 27 -34
27 27 -33
28 27 -34
29 27 -35
30 27 -37
31 27 -36
32 27 -37
33 27 -37
34 27 -38
35 27 -37
36 27 -38
37 27 -41
38 27 -40
39 27 -41
40 27 -40
41 27 -41
42 27 -40
43 27 -39
44 27 -38
45 27 -40
46 27 -39
47 27 -35
48 27 -36
49 27 -37
0 28 -22
1 28 -22
2 28 -22
3 28 -22
4 28 -19
5 28 -20
6 28 -17
7 28 -15
8 28 -14
9 28 -14
10 28 -11
11 28 -15
12 28 -16
13 28 -21
14 28 -18
15 28 -20
16 28 -22
17 28 -20
18 28 -25
19 28 -27
20 28 -28
21 28 -32
22 28 -33
23 28 -36
24 28 -34
25 28 -34
26 28 -32
27 28 -34
28 28 -36
29 28 -37
30 28 -34
31 28 -36
32 28 -35
33 28 -37
34 28 -41
35 28 -39
36 28 -40
37 28 -39
38 28 -41
39 28 -39
40 28 -40
41 28 -38
42 28 -39
43 28 -40
44 28 -38
45 28 -39
46 28 -38
47 28 -35
48 28 -34
49 28 -37
0 29 -24
1 29 -22
2 29 -22
3 29 -20
4 29 -19
5 29 -17
6 29 -19
7 29 -15
8 29 -13
9 29 -10
10 29 -12
11 29 -9
12 29 -16
13 29 -16
14 29 -18
15 29 -18
16 29 -18
17 29 -18
18 29 -23
19 29 -26
20 29 -28
21 29 -30
22 29 -32
23 29 -33
24 29 -34
25 29 -35
26 29 -33
27 29 -33
28 29 -34
29 29 -36
30 29 -34
31 29 -33
32 29 -37
33 29 -38
34 29 -37
35 29 -39
36 29 -38
37 29 -37
38 29 -38
39 29 -40
40 29 -40
41 29 -37
42 29 -37
43 29 -36
44 29 -36
45 29 -39
46 29 -36
47 29 -36
48 29 -35
49 29 -35
0 30 -22
1 30 -24
2 30 -25
3 30 -20
4 30 -20
5 30 -18
6 30 -17
7 30 -14
8 30 -13
9 30 -7
10 30 -4
11 30 -6
12 30 -15
13 30 -18
14 30 -15
15 30 -16
16 30 -21
17 30 -22
18 30 -23
19 30 -27
20 30 -28
21 30 -30
22 30 -31
23 30 -35
24 30 -34
25 30 -32
26 30 -30
27 30 -34
28 30 -33
29 30 -35
30 30 -36
31 30 -33
32 30 -36
33 30 -36
34 30 -35
35 30 -36
36 30 -39
37 30 -41
38 30 -40
39 30 -42
40 30 -40
41 30 -39
42 30 -39
43 30 -40
44 30 -39
45 30 -36
46 30 -36
47 30 -35
48 30 -31
49 30 -34
0 31 -24
1 31 -22
2 31 -21
3 31 -23
4 31 -20
5 31 -17
6 31 -15
7 31 -13
8 31 -11
9 31 -9
10 31 -5
11 31 -8
12 31 -13
13 31 -17
14 31 -18
15 31 -14
16 31 -17
17 31 -22
18 31 -22
19 31 -26
20 31 -25
21 31 -27
22 31 -30
23 31 -32
24 31 -34
25 31 -34
26 31 -33
27 31 -32
28 31 -37
29 31 -35
30 31 -34
31 31 -33
32 31 -35
33 31 -37
34 31 -36
35 31 -37
36 31 -39
37 31 -42
38 31 -42
39 31 -40
40 31 -39
41 31 -40
42 31 -36
43 31 -39
44 31 -36
45 31 -37
46 31 -35
47 31 -33
48 31 -35
49 31 -35
0 32 -22
1 32 -21
2 32 -22
3 32 -19
4 32 -18
5 32 -14
6 32 -15
7 32 -15
8 32 -12
9 32 -11
10 32 -8
11 32 -11
12 32 -15
13 32 -16
14 32 -16
15 32 -16
16 32 -22
17 32 -19
18 32 -23
19 32 -28
20 32 -25
21 32 -29
22 32 -32
23 32 -30
24 32 -35
25 32 -33
26 32 -34
27 32 -33
28 32 -34
29 32 -34
30 32 -34
31 32 -33
32 32 -36
33 32 -37
34 32 -37
35 32 -39
36 32 -41
37 32 -38
38 32 -41
39 32 -40
40 32 -40
41 32 -40
42 32 -40
43 32 -37
44 32 -39
45 32 -36
46 32 -35
47 32 -34
48 32 -35
49 32 -32
0 33 -23
1 33 -22
2 33 -17
3 33 -18
4 33 -17
5 33 -18
6 33 -14
7 33 -14
8 33 -11
9 33 -12
10 33 -11
11 33 -14
12 33 -17
13 33 -17
14 33 -19
15 33 -20
16 33 -22
17 33 -23
18 33 -26
19 33 -27
20 33 -25
21 33 -28
22 33 -32
23 33 -30
24 33 -33
25 33 -31
26 33 -35
27 33 -31
28 33 -36
29 33 -33
30 33 -34
31 33 -33
32 33 -33
33 33 -36
34 33 -36
35 33 -38
36 33 -37
37 33 -41
38 33 -41
39 33 -40
40 33 -41
41 33 -38
42 33 -40
43 33 0
44 33 -38
45 33 -38
46 33 -34
47 33 -35
48 33 -35
49 33 -35
0 34 -20
1 34 -20
2 34 -20
3 34 -21
4 34 -21
5 34 -16
6 34 -15
7 34 -13
8 34 -13
9 34 -9
10 34 -12
11 34 -12
12 34 -16
13 34 -16
14 34 -19
15 34 -21
16 34 -24
17 34 -23
18 34 -23
19 34 -26
20 34 -28
21 34 -32
22 34 -32
23 34 -33
24 34 -31
25 34 -32
26 34 -33
27 34 -35
28 34 -35
29 34 -34
30 34 -34
31 34 -33
32 34 -36
33 34 -34
34 34 -39
35 34 -40
36 34 -40
37 34 -41
38 34 -41
39 34 -41
40 34 -39
41 34 -39
42 34 -37
43 34 -38
44 34 -36
45 34 -36
46 34 -36
47 34 -32
48 34 -31
49 34 -33
0 35 -21
1 35 -22
2 35 -19
3 35 -18
4 35 -20
5 35 -15
6 35 -12
7 35 -11
8 35 -9
9 35 -4
10 35 -8
11 35 -13
12 35 -13
13 35 -19
14 35 -17
15 35 -22
16 35 -21
17 35 -24
18 35 -25
19 35 -29
20 35 -30
21 35 -31
22 35 -31
23 35 -34
24 35 -32
25 35 -34
26 35 -33
27 35 -36
28 35 -33
29 35 -36
30 35 -37
31 35 -36
32 35 -34
33 35 -36
34 35 -38
35 35 -40
36 35 -39
37 35 -41
38 35 -38
39 35 -42
40 35 -41
41 35 -38
42 35 -40
43 35 -37
44 35 -33
45 35 -36
46 35 -33
47 35 -35
48 35 -33
49 35 -35
0 36 -20
1 36 -20
2 36 -19
3 36 -18
4 36 -17
5 36 -17
6 36 -11
7 36 -9
8 36 -6
9 36 -8
10 36 -6
11 36 -10
12 36 -13
13 36 -15
14 36 -19
15 36 -22
16 36 -24
17 36 -27
18 36 -28
19 36 -28
20 36 -31
21 36 -32
22 36 -33
23 36 -33
24 36 -32
25 36 -32
26 36 -34
27 36 -34
28 36 -36
29 36 -33
30 36 -33
31 36 -34
32 36 -36
33 36 -36
34 36 -37
35 36 -40
36 36 -38
37 36 -41
38 36 -40
39 36 -38
40 36 -40
41 36 -38
42 36 -37
43 36 -36
44 36 -35
45 36 -34
46 36 -35
47 36 -34
48 36 -31
49 36 -31
0 37 -22
1 37 -17
2 37 -20
3 37 -16
4 37 -12
5 37 -12
6 37 -11
7 37 -11
8 37 -6
9 37 -1
10 37 -5
11 37 -8
12 37 -6
13 37 -15
14 37 -17
15 37 -19
16 37 -23
17 37 -25
18 37 -28
19 37 -28
20 37 -33
21 37 -34
22 37 -35
23 37 -31
24 37 -32
25 37 -36
26 37 -36
27 37 -37
28 37 -33
29 37 -36
30 37 -34
31 37 -38
32 37 -36
33 37 -36
34 37 -37
35 37 -40
36 37 -37
37 37 -36
38 37 -37
39 37 -40
40 37 -40
41 37 -39
42 37 -36
43 37 -36
44 37 -36
45 37 -36
46 37 -34
47 37 -34
48 37 -35
49 37 -32
0 38 -20
1 38 -20
2 38 -18
3 38 -15
4 38 -15
5 38 -11
6 38 -11
7 38 -9
8 38 -11
9 38 -6
10 38 -4
11 38 -2
12 38 -8
13 38 -11
14 38 -19
15 38 -20
16 38 -22
17 38 -28
18 38 -29
19 38 -30
20 38 -33
21 38 -35
22 38 -32
23 38 -32
24 38 -35
25 38 -32
26 38 -35
27 38 -35
28 38 -37
29 38 -35
30 38 -35
31 38 -35
32 38 -35
33 38 -39
34 38 -37
35 38 -40
36 38 -38
37 38 -38
38 38 -40
39 38 -37
40 38 -38
41 38 -36
42 38 -36
43 38 -33
44 38 -35
45 38 -34
46 38 -35
47 38 -34
48 38 -33
49 38 -34
0 39 -22
1 39 -17
2 39 -20
3 39 -16
4 39 -15
5 39 -15
6 39 -11
7 39 -9
8 39 -7
9 39 -9
10 39 -6
11 39 -4
12 39 -4
13 39 0
14 39 0
15 39 -19
16 39 0
17 39 -26
18 39 -30
19 39 -33
20 39 -35
21 39 -34
22 39 -34
23 39 -30
24 39 -33
25 39 -32
26 39 -36
27 39 -34
28 39 -35
29 39 -35
30 39 -34
31 39 -35
32 39 -36
33 39 -37
34 39 -41
35 39 -38
36 39 -37
37 39 -36
38 39 -37
39 39 -36
40 39 -36
41 39 -36
42 39 -33
43 39 -35
44 39 -35
45 39 -36
46 39 -36
47 39 -36
48 39 -35
49 39 -33
0 40 -20
1 40 -19
2 40 -18
3 40 -19
4 40 -18
5 40 -13
6 40 -13
7 40 -14
8 40 -11
9 40 -11
10 40 -11
11 40 -9
12 40 -3
13 40 0
14 40 0
15 40 -22
16 40 -17
17 40 0
18 40 -30
19 40 -35
20 40 -33
21 40 -34
22 40 -33
23 40 -31
24 40 -34
25 40 -35
26 40 -34
27 40 -33
28 40 -37
29 40 -33
30 40 -36
31 40 -37
32 40 -38
33 40 -38
34 40 -39
35 40 -39
36 40 -39
37 40 -36
38 40 -39
39 40 -36
40 40 -36
41 40 -34
42 40 -34
43 40 -37
44 40 -39
45 40 -35
46 40 -35
47 40 -33
48 40 -34
49 40 -33
0 41 -21
1 41 -19
2 41 -19
3 41 -18
4 41 -20
5 41 -16
6 41 -14
7 41 -15
8 41 -13
9 41 -13
10 41 -11
11 41 -9
12 41 -9
13 41 -7
14 41 -17
15 41 -19
16 41 -21
17 41 -28
18 41 -31
19 41 -32
20 41 -33
21 41 -31
22 41 -33
23 41 -35
24 41 -34
25 41 -36
26 41 -35
27 41 -34
28 41 -36
29 41 -34
30 41 -37
31 41 -37
32 41 -40
33 41 -37
34 41 -37
35 41 -36
36 41 -37
37 41 -35
38 41 -36
39 41 -38
40 41 -37
41 41 -38
42 41 -35
43 41 -37
44 41 -36
45 41 -36
46 41 -35
47 41 -34
48 41 -32
49 41 -34
0 42 -23
1 42 -23
2 42 -21
3 42 -20
4 42 -19
5 42 -18
6 42 -19
7 42 -17
8 42 -12
9 42 -14
10 42 -10
11 42 -12
12 42 -9
13 42 -11
14 42 -15
15 42 -22
16 42 -22
17 42 -28
18 42 -30
19 42 -31
20 42 -34
21 42 -32
22 42 -31
23 42 -33
24 42 -35
25 42 -35
26 42 -36
27 42 -34
28 42 -34
29 42 -35
30 42 -36
31 42 -36
32 42 -39
33 42 -36
34 42 -39
35 42 -36
36 42 -37
37 42 -36
38 42 -34
39 42 -35
40 42 -35
41 42 -37
42 42 -37
43 42 -35
44 42 -35
45 42 -37
46 42 -37
47 42 -36
48 42 -34
49 42 -36
0 43 -26
1 43 -24
2 43 -22
3 43 -21
4 43 -21
5 43 -17
6 43 -20
7 43 -17
8 43 -16
9 43 -16
10 43 -16
11 43 -14
12 43 -13
13 43 -16
14 43 -18
15 43 -19
16 43 -25
17 43 -28
18 43 -29
19 43 -31
20 43 -31
21 43 -35
22 43 -31
23 43 -34
24 43 -37
25 43 -37
26 43 -36
27 43 -35
28 43 -36
29 43 -36
30 43 -35
31 43 -40
32 43 -37
33 43 -35
34 43 -34
35 43 -35
36 43 -37
37 43 -34
38 43 -35
39 43 -39
40 43 -36
41 43 -39
42 43 -36
43 43 -36
44 43 -37
45 43 -34
46 43 -38
47 43 -37
48 43 -34
49 43 -35
0 44 -22
1 44 -21
2 44 -22
3 44 -22
4 44 -21
5 44 -19
6 44 -21
7 44 -18
8 44 -16
9 44 -18
10 44 -16
11 44 -19
12 44 -16
13 44 -17
14 44 -19
15 44 -23
16 44 -25
17 44 -32
18 44 -30
19 44 -32
20 44 -35
21 44 -33
22 44 -32
23 44 -32
24 44 -33
25 44 -34
26 44 -34
27 44 -36
28 44 -36
29 44 -37
30 44 -37
31 44 -39
32 44 -35
33 44 -36
34 44 -35
35 44 -36
36 44 -35
37 44 -35
38 44 -37
39 44 -37
40 44 -35
41 44 -37
42 44 -36
43 44 -34
44 44 -37
45 44 -36
46 44 -36
47 44 -34
48 44 -35
49 44 -34
0 45 -24
1 45 -24
2 45 -24
3 45 -23
4 45 -20
5 45 -22
6 45 -19
7 45 -18
8 45 -18
9 45 -16
10 45 -21
11 45 -19
12 45 -18
13 45 -19
14 45 -19
15 45 -23
16 45 -28
17 45 -28
18 45 -31
19 45 -30
20 45 -33
21 45 -32
22 45 -34
23 45 -33
24 45 -36
25 45 -34
26 45 -34
27 45 -38
28 45 -36
29 45 -37
30 45 -35
31 45 -37
32 45 -37
33 45 -35
34 45 -35
35 45 -36
36 45 -36
37 45 -33
38 45 -36
39 45 -36
40 45 -35
41 45 -34
42 45 -36
43 45 -35
44 45 -37
45 45 -35
46 45 -36
47 45 -36
48 45 -34
49 45 -35
0 46 -22
1 46 -21
2 46 -24
3 46 -24
4 46 -22
5 46 -20
6 46 -22
7 46 -19
8 46 -21
9 46 -19
10 46 -20
11 46 -21
12 46 -23
13 46 -24
14 46 -24
15 46 -24
16 46 -27
17 46 -29
18 46 -30
19 46 -31
20 46 -33
21 46 -36
22 46 -36
23 46 -35
24 46 -34
25 46 -34
26 46 -36
27 46 -37
28 46 -39
29 46 -36
30 46 -37
31 46 -37
32 46 -34
33 46 -36
34 46 -34
35 46 -38
36 46 -36
37 46 -36
38 46 -34
39 46 -33
40 46 -36
41 46 -34
42 46 -37
43 46 -36
44 46 -36
45 46 -35
46 46 -34
47 46 -34
48 46 -36
49 46 -36
0 47 -21
1 47 -21
2 47 -22
3 47 -22
4 47 -21
5 47 -22
6 47 -20
7 47 -22
8 47 -23
9 47 -19
10 47 -20
11 47 -22
12 47 -22
13 47 -22
14 47 -22
15 47 -25
16 47 -25
17 47 -28
18 47 -31
19 47 -32
20 47 -35
21 47 -34
22 47 -35
23 47 -34
24 47 -34
25 47 -35
26 47 -37
27 47 -38
28 47 -36
29 47 -37
30 47 -34
31 47 -34
32 47 -38
33 47 -37
34 47 -36
35 47 -35
36 47 -34
37 47 -33
38 47 -33
39 47 -35
40 47 -37
41 47 -34
42 47 -33
43 47 -36
44 47 -37
45 47 -37
46 47 -36
47 47 -36
48 47 -37
49 47 -34
0 48 -19
1 48 -23
2 48 -22
3 48 -23
4 48 -22
5 48 -22
6 48 -24
7 48 -24
8 48 -21
9 48 -23
10 48 -23
11 48 -22
12 48 -24
13 48 -25
14 48 -24
15 48 -28
16 48 -29
17 48 -30
18 48 -33
19 48 -34
20 48 -33
21 48 -35
22 48 -32
23 48 -35
24 48 -36
25 48 -36
26 48 -36
27 48 -36
28 48 -38
29 48 -36
30 48 -33
31 48 -36
32 48 -34
33 48 -36
34 48 -35
35 48 -34
36 48 -36
37 48 -33
38 48 -36
39 48 -34
40 48 -33
41 48 -36
42 48 -34
43 48 -35
44 48 -33
45 48 -36
46 48 -35
47 48 -34
48 48 -35
49 48 -34
0 49 -21
1 49 -21
2 49 -22
3 49 -19
4 49 -21
5 49 -21
6 49 -18
7 49 -22
8 49 -23
9 49 -22
10 49 -23
11 49 -24
12 49 -22
13 49 -24
14 49 -28
15 49 -29
16 49 -28
17 49 -30
18 49 -32
19 49 -32
20 49 -32
21 49 -31
22 49 -34
23 49 -34
24 49 -35
25 49 -36
26 49 -34
27 49 -35
28 49 -37
29 49 -35
30 49 -32
31 49 -36
32 49 -36
33 49 -36
34 49 -36
35 49 -36
36 49 -35
37 49 -35
38 49 -36
39 49 -36
40 49 -36
41 49 -34
42 49 -33
43 49 -34
44 49 -36
45 49 -36
46 49 -37
47 49 -33
48 49 -35
49 49 -37
