0 0 -33
1 0 -32
2 0 -34
3 0 -36
4 0 -34
5 0 -34
6 0 -33
7 0 -33
8 0 -31
9 0 -33
10 0 -34
11 0 -36
12 0 -35
13 0 -36
14 0 -40
15 0 -39
16 0 -39
17 0 -40
18 0 -39
19 0 -42
20 0 -41
21 0 -37
22 0 -39
23 0 -34
24 0 -33
25 0 -32
26 0 -33
27 0 -31
28 0 -32
29 0 -33
30 0 -35
31 0 -38
32 0 -35
33 0 -38
34 0 -35
35 0 -38
36 0 -40
37 0 -36
38 0 -40
39 0 -40
40 0 -41
41 0 -42
42 0 -39
43 0 -40
44 0 -41
45 0 -41
46 0 -39
47 0 -41
48 0 -40
49 0 -40
0 1 -32
1 1 -33
2 1 -32
3 1 -34
4 1 -35
5 1 -31
6 1 -34
7 1 -34
8 1 -34
9 1 -32
10 1 -34
11 1 -34
12 1 -36
13 1 -38
14 1 -39
15 1 -40
16 1 -40
17 1 -42
18 1 -41
19 1 -41
20 1 -39
21 1 -36
22 1 -36
23 1 -30
24 1 -29
25 1 -26
26 1 -31
27 1 -32
28 1 -35
29 1 -34
30 1 -36
31 1 -35
32 1 -37
33 1 -38
34 1 -38
35 1 -37
36 1 -38
37 1 -41
38 1 -39
39 1 -40
40 1 -41
41 1 -41
42 1 -41
43 1 -41
44 1 -41
45 1 -42
46 1 -40
47 1 -39
48 1 -41
49 1 -41
0 2 -31
1 2 -30
2 2 -32
3 2 -34
4 2 -31
5 2 -34
6 2 -32
7 2 -33
8 2 -34
9 2 -36
10 2 -32
11 2 -36
12 2 -33
13 2 -34
14 2 -40
15 2 -39
16 2 -40
17 2 -44
18 2 -45
19 2 -43
20 2 -39
21 2 -37
22 2 -32
23 2 -26
24 2 -24
25 2 -21
26 2 -28
27 2 -31
28 2 -33
29 2 -32
30 2 -35
31 2 -34
32 2 -36
33 2 -40
34 2 -36
35 2 -41
36 2 -41
37 2 -41
38 2 -43
39 2 -39
40 2 -41
41 2 -41
42 2 -41
43 2 -40
44 2 -39
45 2 -42
46 2 -40
47 2 -38
48 2 -39
49 2 -41
0 3 -27
1 3 -30
2 3 -33
3 3 -31
4 3 -32
5 3 -32
6 3 -32
7 3 -31
8 3 -33
9 3 -33
10 3 -32
11 3 -33
12 3 -32
13 3 -34
14 3 -36
15 3 -38
16 3 -41
17 3 -47
18 3 -49
19 3 -46
20 3 -39
21 3 -34
22 3 -33
23 3 -28
24 3 -20
25 3 -22
26 3 -21
27 3 -28
28 3 -34
29 3 -34
30 3 -35
31 3 -34
32 3 -39
33 3 -37
34 3 -39
35 3 -39
36 3 -38
37 3 -40
38 3 -40
39 3 -40
40 3 -40
41 3 -40
42 3 -40
43 3 -39
44 3 -42
45 3 -41
46 3 -40
47 3 -41
48 3 -40
49 3 -42
0 4 -25
1 4 -28
2 4 -30
3 4 -32
4 4 -33
5 4 -31
6 4 -29
7 4 -27
8 4 -33
9 4 -32
10 4 -31
11 4 -31
12 4 -32
13 4 -33
14 4 -34
15 4 -36
16 4 -41
17 4 -48
18 4 -56
19 4 -46
20 4 -37
21 4 -33
22 4 -31
23 4 -26
24 4 -17
25 4 -17
26 4 -24
27 4 -31
28 4 -33
29 4 -35
30 4 -36
31 4 -36
32 4 -36
33 4 -40
34 4 -41
35 4 -38
36 4 -42
37 4 -43
38 4 -39
39 4 -40
40 4 -40
41 4 -39
42 4 -41
43 4 -40
44 4 -42
45 4 -40
46 4 -42
47 4 -41
48 4 -40
49 4 -41
0 5 -25
1 5 -25
2 5 -28
3 5 -28
4 5 -28
5 5 -30
6 5 -29
7 5 -30
8 5 -30
9 5 -31
10 5 -29
11 5 -31
12 5 -30
13 5 -32
14 5 -31
15 5 -30
16 5 -36
17 5 -42
18 5 -47
19 5 -39
20 5 -33
21 5 -31
22 5 -31
23 5 -20
24 5 -16
25 5 -17
26 5 -25
27 5 -32
28 5 -34
29 5 -33
30 5 -35
31 5 -35
32 5 -35
33 5 -36
34 5 -38
35 5 -38
36 5 -39
37 5 -42
38 5 -43
39 5 -40
40 5 -41
41 5 -41
42 5 -38
43 5 -39
44 5 -40
45 5 -39
46 5 -39
47 5 -39
48 5 -39
49 5 -40
0 6 -24
1 6 -24
2 6 -28
3 6 -29
4 6 -28
5 6 -25
6 6 -28
7 6 -24
8 6 -27
9 6 -28
10 6 -29
11 6 -28
12 6 -31
13 6 -30
14 6 -28
15 6 -28
16 6 -26
17 6 -33
18 6 -36
19 6 -32
20 6 -28
21 6 -27
22 6 -27
23 6 -19
24 6 -20
25 6 -22
26 6 -25
27 6 -31
28 6 -33
29 6 -36
30 6 -36
31 6 -36
32 6 -36
33 6 -39
34 6 -39
35 6 -41
36 6 -39
37 6 -43
38 6 -45
39 6 -41
40 6 -39
41 6 -39
42 6 -39
43 6 -40
44 6 -40
45 6 -39
46 6 -42
47 6 -41
48 6 -40
49 6 -40
0 7 -25
1 7 -25
2 7 -24
3 7 -28
4 7 -24
5 7 -26
6 7 -24
7 7 -24
8 7 -24
9 7 -25
10 7 -28
11 7 -24
12 7 -29
13 7 -26
14 7 -27
15 7 -25
16 7 -25
17 7 -26
18 7 -29
19 7 -24
20 7 -29
21 7 -29
22 7 -28
23 7 -22
24 7 -23
25 7 -25
26 7 -26
27 7 -32
28 7 -33
29 7 -35
30 7 -37
31 7 -36
32 7 -36
33 7 -37
34 7 -39
35 7 -41
36 7 -41
37 7 -40
38 7 -40
39 7 -42
40 7 -41
41 7 -42
42 7 -41
43 7 -41
44 7 -41
45 7 -39
46 7 -41
47 7 -41
48 7 -39
49 7 -40
0 8 -23
1 8 -25
2 8 -26
3 8 -28
4 8 -24
5 8 -21
6 8 -23
7 8 -23
8 8 -21
9 8 -26
10 8 -21
11 8 -24
12 8 -26
13 8 -26
14 8 -24
15 8 -23
16 8 -24
17 8 -23
18 8 -27
19 8 -26
20 8 -26
21 8 -27
22 8 -27
23 8 -25
24 8 -25
25 8 -25
26 8 -28
27 8 -33
28 8 -31
29 8 -34
30 8 -36
31 8 -35
32 8 -34
33 8 -37
34 8 -38
35 8 -40
36 8 -41
37 8 -40
38 8 -42
39 8 -42
40 8 -42
41 8 -39
42 8 -42
43 8 -38
44 8 -40
45 8 -39
46 8 -41
47 8 -41
48 8 -38
49 8 -39
0 9 -23
1 9 -26
2 9 -27
3 9 -24
4 9 -22
5 9 -21
6 9 -20
7 9 -21
8 9 -16
9 9 -18
10 9 -19
11 9 -22
12 9 -20
13 9 -21
14 9 -24
15 9 -21
16 9 -24
17 9 -24
18 9 -22
19 9 -19
20 9 -24
21 9 -26
22 9 -27
23 9 -25
24 9 -27
25 9 -27
26 9 -29
27 9 -30
28 9 -34
29 9 -36
30 9 -37
31 9 -35
32 9 -37
33 9 -32
34 9 -39
35 9 -40
36 9 -40
37 9 -40
38 9 -40
39 9 -39
40 9 -40
41 9 -41
42 9 -41
43 9 -39
44 9 -40
45 9 -39
46 9 -41
47 9 -39
48 9 -39
49 9 -40
0 10 -23
1 10 -26
2 10 -24
3 10 -24
4 10 -23
5 10 -21
6 10 -16
7 10 -16
8 10 -16
9 10 -16
10 10 -17
11 10 -19
12 10 -19
13 10 -19
14 10 -20
15 10 -22
16 10 -22
17 10 -22
18 10 -23
19 10 -22
20 10 -23
21 10 -23
22 10 -22
23 10 -22
24 10 -22
25 10 -26
26 10 -28
27 10 -32
28 10 -35
29 10 -35
30 10 -33
31 10 -36
32 10 -35
33 10 -35
34 10 -35
35 10 -37
36 10 -39
37 10 -44
38 10 -41
39 10 -42
40 10 -41
41 10 -40
42 10 -41
43 10 -41
44 10 -41
45 10 -40
46 10 -39
47 10 -41
48 10 -39
49 10 -39
0 11 -23
1 11 -26
2 11 -21
3 11 -23
4 11 -22
5 11 -18
6 11 -16
7 11 -15
8 11 -15
9 11 -16
10 11 -15
11 11 -17
12 11 -16
13 11 -16
14 11 -15
15 11 -15
16 11 -18
17 11 -19
18 11 -18
19 11 -22
20 11 -24
21 11 -23
22 11 -21
23 11 -18
24 11 -19
25 11 -23
26 11 -27
27 11 -31
28 11 -32
29 11 -36
30 11 -36
31 11 -34
32 11 -36
33 11 -37
34 11 -36
35 11 -35
36 11 -39
37 11 -41
38 11 -43
39 11 -40
40 11 -41
41 11 -40
42 11 -40
43 11 -40
44 11 -41
45 11 -39
46 11 -41
47 11 -40
48 11 -39
49 11 -32
0 12 -24
1 12 -22
2 12 -23
3 12 -23
4 12 -20
5 12 -17
6 12 -14
7 12 -14
8 12 -12
9 12 -11
10 12 -18
11 12 -17
12 12 -18
13 12 -14
14 12 -8
15 12 -13
16 12 -14
17 12 -17
18 12 -22
19 12 -21
20 12 -21
21 12 -25
22 12 -23
23 12 -24
24 12 -24
25 12 -21
26 12 -25
27 12 -29
28 12 -31
29 12 -32
30 12 -35
31 12 -36
32 12 -38
33 12 -36
34 12 -36
35 12 -37
36 12 -40
37 12 -38
38 12 -41
39 12 -39
40 12 -40
41 12 -41
42 12 -41
43 12 -40
44 12 -39
45 12 -41
46 12 -41
47 12 -40
48 12 -39
49 12 -38
0 13 -24
1 13 -22
2 13 -23
3 13 -20
4 13 -21
5 13 -17
6 13 -9
7 13 -11
8 13 -5
9 13 -11
10 13 -15
11 13 -18
12 13 -15
13 13 -15
14 13 -14
15 13 -14
16 13 -14
17 13 -18
18 13 -21
19 13 -21
20 13 -21
21 13 -25
22 13 -23
23 13 -23
24 13 -21
25 13 -24
26 13 -24
27 13 -28
28 13 -31
29 13 -33
30 13 -33
31 13 -34
32 13 -34
33 13 -35
34 13 -36
35 13 -35
36 13 -38
37 13 -41
38 13 -39
39 13 -39
40 13 -40
41 13 -40
42 13 -41
43 13 -41
44 13 -40
45 13 -42
46 13 -40
47 13 -41
48 13 -38
49 13 -39
0 14 -23
1 14 -23
2 14 -24
3 14 -20
4 14 -18
5 14 -18
6 14 -13
7 14 -13
8 14 -10
9 14 -14
10 14 -18
11 14 -19
12 14 -18
13 14 -19
14 14 -17
15 14 -19
16 14 -16
17 14 -19
18 14 -22
19 14 -21
20 14 -22
21 14 -22
22 14 -21
23 14 -20
24 14 -24
25 14 -24
26 14 -29
27 14 -31
28 14 -33
29 14 -32
30 14 -35
31 14 -36
32 14 -34
33 14 -37
34 14 -36
35 14 -36
36 14 -34
37 14 -39
38 14 -40
39 14 -41
40 14 -41
41 14 -40
42 14 -39
43 14 -42
44 14 -39
45 14 -40
46 14 -40
47 14 -39
48 14 -39
49 14 -40
0 15 -22
1 15 -24
2 15 -21
3 15 -23
4 15 -22
5 15 -19
6 15 -15
7 15 -14
8 15 -17
9 15 -16
10 15 -19
11 15 -22
12 15 -22
13 15 -21
14 15 -22
15 15 -19
16 15 -21
17 15 -18
18 15 -18
19 15 -22
20 15 -20
21 15 -25
22 15 -22
23 15 -25
24 15 -23
25 15 -29
26 15 -29
27 15 -31
28 15 -33
29 15 -31
30 15 -34
31 15 -36
32 15 -37
33 15 -34
34 15 -34
35 15 -32
36 15 -36
37 15 -37
38 15 -42
39 15 -41
40 15 -40
41 15 -39
42 15 -40
43 15 -41
44 15 -39
45 15 -40
46 15 -40
47 15 -41
48 15 -39
49 15 -38
0 16 -23
1 16 -23
2 16 -23
3 16 -21
4 16 -23
5 16 -21
6 16 -16
7 16 -18
8 16 -16
9 16 -17
10 16 -19
11 16 -21
12 16 -22
13 16 -22
14 16 -23
15 16 -22
16 16 -22
17 16 -20
18 16 -20
19 16 -16
20 16 -23
21 16 -24
22 16 -23
23 16 -27
24 16 -27
25 16 -26
26 16 -30
27 16 -28
28 16 -33
29 16 -33
30 16 -33
31 16 -37
32 16 -36
33 16 -36
34 16 -36
35 16 -35
36 16 -38
37 16 -36
38 16 -36
39 16 -41
40 16 -40
41 16 -39
42 16 -41
43 16 -40
44 16 -39
45 16 -39
46 16 -39
47 16 -41
48 16 -40
49 16 -39
0 17 -22
1 17 -21
2 17 -22
3 17 -21
4 17 -23
5 17 -22
6 17 -19
7 17 -22
8 17 -20
9 17 -20
10 17 -15
11 17 -19
12 17 -23
13 17 -20
14 17 -23
15 17 -21
16 17 -21
17 17 -18
18 17 -19
19 17 -23
20 17 -21
21 17 -21
22 17 -23
23 17 -23
24 17 -27
25 17 -27
26 17 -24
27 17 -28
28 17 -34
29 17 -32
30 17 -36
31 17 -35
32 17 -34
33 17 -36
34 17 -34
35 17 -34
36 17 -33
37 17 -37
38 17 -39
39 17 -37
40 17 -40
41 17 -38
42 17 -40
43 17 -41
44 17 -40
45 17 -41
46 17 -41
47 17 -40
48 17 -39
49 17 -39
0 18 -26
1 18 -23
2 18 -21
3 18 -22
4 18 -22
5 18 -21
6 18 -21
7 18 -20
8 18 -23
9 18 -21
10 18 -22
11 18 -20
12 18 -22
13 18 -24
14 18 -22
15 18 -19
16 18 -23
17 18 -23
18 18 -19
19 18 -24
20 18 -22
21 18 -21
22 18 -22
23 18 -23
24 18 -23
25 18 -26
26 18 -28
27 18 -31
28 18 -31
29 18 -34
30 18 -33
31 18 -33
32 18 -34
33 18 -35
34 18 -35
35 18 -35
36 18 -37
37 18 -36
38 18 -37
39 18 -42
40 18 -41
41 18 -40
42 18 -41
43 18 -37
44 18 -41
45 18 -41
46 18 -40
47 18 -39
48 18 -40
49 18 -40
0 19 -22
1 19 -22
2 19 -20
3 19 -22
4 19 -25
5 19 -23
6 19 -20
7 19 -23
8 19 -21
9 19 -22
10 19 -21
11 19 -21
12 19 -19
13 19 -22
14 19 -21
15 19 -25
16 19 -27
17 19 -23
18 19 -17
19 19 -23
20 19 -24
21 19 -22
22 19 -26
23 19 -25
24 19 -24
25 19 -23
26 19 -28
27 19 -32
28 19 -32
29 19 -34
30 19 -35
31 19 -35
32 19 -32
33 19 -36
34 19 -35
35 19 -37
36 19 -37
37 19 -36
38 19 -40
39 19 -39
40 19 -40
41 19 -38
42 19 -40
43 19 -37
44 19 -41
45 19 -41
46 19 -43
47 19 -40
48 19 -41
49 19 -40
0 20 -23
1 20 -24
2 20 -22
3 20 -22
4 20 -21
5 20 -20
6 20 -22
7 20 -21
8 20 -22
9 20 -23
10 20 -22
11 20 -21
12 20 -20
13 20 -22
14 20 -23
15 20 -22
16 20 -23
17 20 -23
18 20 -25
19 20 -25
20 20 -25
21 20 -27
22 20 -24
23 20 -25
24 20 -24
25 20 -28
26 20 -28
27 20 -28
28 20 -32
29 20 -32
30 20 -33
31 20 -34
32 20 -36
33 20 -33
34 20 -37
35 20 -37
36 20 -40
37 20 -41
38 20 -42
39 20 -40
40 20 -39
41 20 -40
42 20 -41
43 20 -41
44 20 -41
45 20 -39
46 20 -40
47 20 -40
48 20 -40
49 20 -41
0 21 -20
1 21 -22
2 21 -21
3 21 -22
4 21 -21
5 21 -21
6 21 -19
7 21 -22
8 21 -22
9 21 -24
10 21 -22
11 21 -19
12 21 -21
13 21 -19
14 21 -22
15 21 -24
16 21 -25
17 21 -24
18 21 -26
19 21 -25
20 21 -25
21 21 -23
22 21 -25
23 21 -29
24 21 -27
25 21 -29
26 21 -30
27 21 -29
28 21 -29
29 21 -32
30 21 -31
31 21 -36
32 21 -35
33 21 -35
34 21 -36
35 21 -36
36 21 -41
37 21 -40
38 21 -41
39 21 -41
40 21 -41
41 21 -40
42 21 -41
43 21 -40
44 21 -38
45 21 -41
46 21 -40
47 21 -40
48 21 -42
49 21 -40
0 22 -24
1 22 -22
2 22 -22
3 22 -20
4 22 -20
5 22 -21
6 22 -21
7 22 -23
8 22 -22
9 22 -23
10 22 -22
11 22 -22
12 22 -22
13 22 -23
14 22 -21
15 22 -22
16 22 -26
17 22 -25
18 22 -26
19 22 -25
20 22 -24
21 22 -25
22 22 -28
23 22 -28
24 22 -29
25 22 -27
26 22 -28
27 22 -31
28 22 -31
29 22 -33
30 22 -33
31 22 -35
32 22 -33
33 22 -34
34 22 -37
35 22 -36
36 22 -39
37 22 -40
38 22 -40
39 22 -42
40 22 -43
41 22 -40
42 22 -41
43 22 -41
44 22 -40
45 22 -40
46 22 -37
47 22 -39
48 22 -39
49 22 -41
0 23 -20
1 23 -21
2 23 -20
3 23 -22
4 23 -23
5 23 -20
6 23 -22
7 23 -22
8 23 -23
9 23 -22
10 23 -17
11 23 -19
12 23 -21
13 23 -22
14 23 -22
15 23 -22
16 23 -24
17 23 -26
18 23 -25
19 23 -26
20 23 -25
21 23 -26
22 23 -27
23 23 -28
24 23 -27
25 23 -28
26 23 -31
27 23 -28
28 23 -32
29 23 -32
30 23 -31
31 23 -34
32 23 -34
33 23 -34
34 23 -33
35 23 -36
36 23 -41
37 23 -43
38 23 -40
39 23 -41
40 23 -39
41 23 -40
42 23 -40
43 23 -39
44 23 -39
45 23 -40
46 23 -38
47 23 -39
48 23 -38
49 23 -39
0 24 -24
1 24 -22
2 24 -23
3 24 -20
4 24 -22
5 24 -22
6 24 -21
7 24 -22
8 24 -22
9 24 -21
10 24 -20
11 24 -17
12 24 -20
13 24 -21
14 24 -21
15 24 -23
16 24 -23
17 24 -22
18 24 -23
19 24 -22
20 24 -27
21 24 -27
22 24 -25
23 24 -28
24 24 -27
25 24 -30
26 24 -32
27 24 -29
28 24 -29
29 24 -33
30 24 -33
31 24 -35
32 24 -36
33 24 -36
34 24 -34
35 24 -36
36 24 -40
37 24 -41
38 24 -39
39 24 -41
40 24 -40
41 24 -43
42 24 -39
43 24 -41
44 24 -41
45 24 -40
46 24 -37
47 24 -36
48 24 -37
49 24 -36
0 25 -23
1 25 -22
2 25 -23
3 25 -21
4 25 -23
5 25 -20
6 25 -21
7 25 -20
8 25 -21
9 25 -16
10 25 -18
11 25 -15
12 25 -18
13 25 -18
14 25 -22
15 25 -22
16 25 -22
17 25 -24
18 25 -21
19 25 -22
20 25 -24
21 25 -25
22 25 -27
23 25 -26
24 25 -27
25 25 -29
26 25 -30
27 25 -32
28 25 -30
29 25 -33
30 25 -36
31 25 -34
32 25 -33
33 25 -36
34 25 -33
35 25 -36
36 25 -36
37 25 -37
38 25 -39
39 25 -36
40 25 -40
41 25 -40
42 25 -40
43 25 -41
44 25 -40
45 25 -41
46 25 -37
47 25 -36
48 25 -37
49 25 -37
0 26 -22
1 26 -21
2 26 -24
3 26 -21
4 26 -22
5 26 -21
6 26 -19
7 26 -17
8 26 -16
9 26 -15
10 26 -14
11 26 -11
12 26 -16
13 26 -16
14 26 -17
15 26 -17
16 26 -22
17 26 -20
18 26 -23
19 26 -25
20 26 -21
21 26 -24
22 26 -19
23 26 -24
24 26 -25
25 26 -26
26 26 -30
27 26 -29
28 26 -32
29 26 -32
30 26 -35
31 26 -31
32 26 -32
33 26 -36
34 26 -37
35 26 -36
36 26 -35
37 26 -40
38 26 -38
39 26 -39
40 26 -44
41 26 -41
42 26 -39
43 26 -39
44 26 -39
45 26 -37
46 26 -36
47 26 -35
48 26 -35
49 26 -37
0 27 -20
1 27 -22
2 27 -24
3 27 -24
4 27 -22
5 27 -22
6 27 -21
7 27 -20
8 27 -15
9 27 -13
10 27 -13
11 27 -11
12 27 -9
13 27 -13
14 27 -17
15 27 -17
16 27 -22
17 27 -22
18 27 -22
19 27 -24
20 27 -24
21 27 -23
22 27 -17
23 27 -23
24 27 -25
25 27 -27
26 27 -29
27 27 -34
28 27 -33
29 27 -34
30 27 -31
31 27 -34
32 27 -32
33 27 -36
34 27 -33
35 27 -37
36 27 -35
37 27 -37
38 27 -37
39 27 -39
40 27 -39
41 27 -38
42 27 -40
43 27 -41
44 27 -41
45 27 -39
46 27 -37
47 27 -37
48 27 -36
49 27 -37
0 28 -23
1 28 -23
2 28 -24
3 28 -21
4 28 -21
5 28 -19
6 28 -17
7 28 -14
8 28 -13
9 28 -11
10 28 -9
11 28 -5
12 28 -6
13 28 -8
14 28 -12
15 28 -13
16 28 -19
17 28 -22
18 28 -24
19 28 -26
20 28 -25
21 28 -21
22 28 -20
23 28 -23
24 28 -21
25 28 -28
26 28 -30
27 28 -32
28 28 -32
29 28 -35
30 28 -35
31 28 -32
32 28 -35
33 28 -36
34 28 -34
35 28 -36
36 28 -37
37 28 -39
38 28 -35
39 28 -37
40 28 -37
41 28 -38
42 28 -37
43 28 -39
44 28 -40
45 28 -41
46 28 -36
47 28 -38
48 28 -38
49 28 -35
0 29 -25
1 29 -22
2 29 -21
3 29 -23
4 29 -19
5 29 -17
6 29 -14
7 29 -15
8 29 -11
9 29 -10
10 29 -8
11 29 -4
12 29 -1
13 29 -5
14 29 -9
15 29 -15
16 29 -19
17 29 -22
18 29 -24
19 29 -23
20 29 -23
21 29 -22
22 29 -23
23 29 -23
24 29 -25
25 29 -27
26 29 -33
27 29 -32
28 29 -31
29 29 -33
30 29 -35
31 29 -36
32 29 -36
33 29 -35
34 29 -35
35 29 -34
36 29 -36
37 29 -37
38 29 -36
39 29 -35
40 29 -35
41 29 -39
42 29 -40
43 29 -37
44 29 -37
45 29 -40
46 29 -39
47 29 -37
48 29 -35
49 29 -37
0 30 -22
1 30 -24
2 30 -23
3 30 -21
4 30 -20
5 30 -16
6 30 -14
7 30 -13
8 30 -11
9 30 -11
10 30 -4
11 30 -5
12 30 -3
13 30 -1
14 30 -6
15 30 -16
16 30 -19
17 30 -21
18 30 -25
19 30 -26
20 30 -25
21 30 -20
22 30 -23
23 30 -27
24 30 -26
25 30 -30
26 30 -30
27 30 -32
28 30 -32
29 30 -35
30 30 -34
31 30 -36
32 30 -36
33 30 -35
34 30 -34
35 30 -35
36 30 -40
37 30 -38
38 30 -36
39 30 -33
40 30 -38
41 30 -39
42 30 -41
43 30 -40
44 30 -41
45 30 -41
46 30 -36
47 30 -38
48 30 -35
49 30 -35
0 31 -21
1 31 -22
2 31 -21
3 31 -17
4 31 -17
5 31 -16
6 31 -16
7 31 -12
8 31 -9
9 31 -7
10 31 -9
11 31 -6
12 31 -3
13 31 -2
14 31 -9
15 31 -13
16 31 -19
17 31 -22
18 31 -26
19 31 -28
20 31 -28
21 31 -23
22 31 -25
23 31 -29
24 31 -29
25 31 -32
26 31 -30
27 31 -33
28 31 -31
29 31 -31
30 31 -32
31 31 -36
32 31 -34
33 31 -34
34 31 -34
35 31 -35
36 31 -36
37 31 -40
38 31 -38
39 31 -39
40 31 -37
41 31 -40
42 31 -41
43 31 -41
44 31 -39
45 31 -39
46 31 -36
47 31 -34
48 31 -33
49 31 -34
0 32 -24
1 32 -22
2 32 -22
3 32 -20
4 32 -16
5 32 -15
6 32 -15
7 32 -11
8 32 -6
9 32 -11
10 32 -9
11 32 -7
12 32 -9
13 32 -4
14 32 -8
15 32 -13
16 32 -19
17 32 -22
18 32 -28
19 32 -29
20 32 -30
21 32 -30
22 32 -29
23 32 -32
24 32 -31
25 32 -32
26 32 -34
27 32 -35
28 32 -31
29 32 -32
30 32 -35
31 32 -33
32 32 -32
33 32 -33
34 32 -35
35 32 -32
36 32 -37
37 32 -36
38 32 -36
39 32 -37
40 32 -41
41 32 -41
42 32 -40
43 32 -40
44 32 -36
45 32 -38
46 32 -33
47 32 -36
48 32 -34
49 32 -35
0 33 -21
1 33 -21
2 33 -19
3 33 -19
4 33 -19
5 33 -18
6 33 -15
7 33 -13
8 33 -11
9 33 -12
10 33 -11
11 33 -9
12 33 -12
13 33 -7
14 33 -14
15 33 -18
16 33 -20
17 33 -23
18 33 -24
19 33 -32
20 33 -33
21 33 -33
22 33 -32
23 33 -33
24 33 -34
25 33 -32
26 33 -36
27 33 -34
28 33 -34
29 33 -32
30 33 -34
31 33 -33
32 33 -35
33 33 -32
34 33 -33
35 33 -35
36 33 -36
37 33 -37
38 33 -38
39 33 -38
40 33 -40
41 33 -39
42 33 -38
43 33 -39
44 33 -36
45 33 -36
46 33 -35
47 33 -34
48 33 -34
49 33 -32
0 34 -21
1 34 -19
2 34 -19
3 34 -19
4 34 -15
5 34 -15
6 34 -14
7 34 -9
8 34 -7
9 34 -11
10 34 -9
11 34 -11
12 34 -11
13 34 -12
14 34 -17
15 34 -19
16 34 -25
17 34 -25
18 34 -27
19 34 -30
20 34 -32
21 34 -34
22 34 -35
23 34 -37
24 34 -36
25 34 -35
26 34 -35
27 34 -33
28 34 -34
29 34 -34
30 34 -35
31 34 -34
32 34 -35
33 34 -33
34 34 -35
35 34 -32
36 34 -35
37 34 -36
38 34 -36
39 34 -35
40 34 -35
41 34 -40
42 34 -36
43 34 -36
44 34 -37
45 34 -34
46 34 -36
47 34 -35
48 34 -31
49 34 -33
0 35 -20
1 35 -21
2 35 -22
3 35 -17
4 35 -17
5 35 -13
6 35 -13
7 35 -11
8 35 -9
9 35 -5
10 35 -7
11 35 -5
12 35 -10
13 35 -11
14 35 -13
15 35 -22
16 35 -22
17 35 -26
18 35 -28
19 35 -28
20 35 -31
21 35 -33
22 35 -35
23 35 -34
24 35 -32
25 35 -34
26 35 -34
27 35 -34
28 35 -32
29 35 -37
30 35 -34
31 35 -34
32 35 -36
33 35 -35
34 35 -34
35 35 -35
36 35 -37
37 35 -36
38 35 -35
39 35 -36
40 35 -36
41 35 -36
42 35 -40
43 35 -38
44 35 -34
45 35 -36
46 35 -33
47 35 -36
48 35 -32
49 35 -35
0 36 -21
1 36 -20
2 36 -22
3 36 -19
4 36 -17
5 36 -13
6 36 -11
7 36 -8
8 36 -2
9 36 -3
10 36 -3
11 36 -3
12 36 -3
13 36 -7
14 36 -11
15 36 -17
16 36 -20
17 36 -27
18 36 -26
19 36 -29
20 36 -34
21 36 -34
22 36 -33
23 36 -31
24 36 -31
25 36 -34
26 36 -33
27 36 -36
28 36 -32
29 36 -34
30 36 -35
31 36 -37
32 36 -33
33 36 -34
34 36 -37
35 36 -35
36 36 -33
37 36 -33
38 36 -36
39 36 -37
40 36 -34
41 36 -39
42 36 -39
43 36 -35
44 36 -36
45 36 -37
46 36 -36
47 36 -34
48 36 -37
49 36 -35
0 37 -23
1 37 -21
2 37 -20
3 37 -16
4 37 -16
5 37 -15
6 37 -12
7 37 -9
8 37 -2
9 37 -1
10 37 -3
11 37 -3
12 37 -3
13 37 -9
14 37 -15
15 37 -18
16 37 -24
17 37 -26
18 37 -30
19 37 -33
20 37 -33
21 37 -35
22 37 -34
23 37 -31
24 37 -32
25 37 -34
26 37 -35
27 37 -35
28 37 -34
29 37 -35
30 37 -37
31 37 -36
32 37 -37
33 37 -35
34 37 -36
35 37 -35
36 37 -34
37 37 -36
38 37 -34
39 37 -37
40 37 -35
41 37 -37
42 37 -38
43 37 -36
44 37 -35
45 37 -33
46 37 -37
47 37 -37
48 37 -36
49 37 -34
0 38 -20
1 38 -17
2 38 -17
3 38 -18
4 38 -15
5 38 -12
6 38 -11
7 38 -6
8 38 -4
9 38 -1
10 38 -3
11 38 -2
12 38 -7
13 38 -11
14 38 -18
15 38 -22
16 38 -24
17 38 -29
18 38 -30
19 38 -34
20 38 -31
21 38 -34
22 38 -33
23 38 -35
24 38 -35
25 38 -35
26 38 -35
27 38 -31
28 38 -35
29 38 -34
30 38 -33
31 38 -38
32 38 -35
33 38 -37
34 38 -34
35 38 -36
36 38 -35
37 38 -33
38 38 -37
39 38 -34
40 38 -36
41 38 -35
42 38 -35
43 38 -36
44 38 -33
45 38 -33
46 38 -35
47 38 -36
48 38 -38
49 38 -34
0 39 -18
1 39 -18
2 39 -16
3 39 -18
4 39 -15
5 39 -13
6 39 -12
7 39 -6
8 39 -6
9 39 -7
10 39 -7
11 39 -10
12 39 -11
13 39 -14
14 39 -17
15 39 -22
16 39 -28
17 39 -32
18 39 -30
19 39 -32
20 39 -34
21 39 -33
22 39 -34
23 39 -33
24 39 -32
25 39 -30
26 39 -31
27 39 -35
28 39 -37
29 39 -35
30 39 -36
31 39 -35
32 39 -34
33 39 -36
34 39 -35
35 39 -33
36 39 -36
37 39 -34
38 39 -35
39 39 -36
40 39 -34
41 39 -34
42 39 -36
43 39 -34
44 39 -36
45 39 -32
46 39 -35
47 39 -33
48 39 -36
49 39 -34
0 40 -21
1 40 -20
2 40 -18
3 40 -15
4 40 -16
5 40 -11
6 40 -12
7 40 -11
8 40 -11
9 40 -11
10 40 -6
11 40 -7
12 40 -11
13 40 -17
14 40 -24
15 40 -27
16 40 -29
17 40 -29
18 40 -33
19 40 -31
20 40 -32
21 40 -36
22 40 -34
23 40 -34
24 40 -35
25 40 -35
26 40 -34
27 40 -34
28 40 -36
29 40 -33
30 40 -37
31 40 -33
32 40 -32
33 40 -35
34 40 -34
35 40 -34
36 40 -33
37 40 -32
38 40 -36
39 40 -37
40 40 -38
41 40 -33
42 40 -36
43 40 -37
44 40 -35
45 40 -35
46 40 -36
47 40 -36
48 40 -36
49 40 -34
0 41 -19
1 41 -21
2 41 -17
3 41 -17
4 41 -17
5 41 -9
6 41 -12
7 41 -14
8 41 -13
9 41 -11
10 41 -11
11 41 -15
12 41 -15
13 41 -22
14 41 -26
15 41 -28
16 41 -31
17 41 -31
18 41 -31
19 41 -34
20 41 -34
21 41 -33
22 41 -35
23 41 -34
24 41 -35
25 41 -36
26 41 -36
27 41 -37
28 41 -34
29 41 -35
30 41 -35
31 41 -34
32 41 -35
33 41 -36
34 41 -36
35 41 -34
36 41 -35
37 41 -33
38 41 -36
39 41 -37
40 41 -35
41 41 -36
42 41 -37
43 41 -38
44 41 -36
45 41 -36
46 41 -32
47 41 -33
48 41 -32
49 41 -37
0 42 -22
1 42 -19
2 42 -18
3 42 -18
4 42 -16
5 42 -15
6 42 -14
7 42 -15
8 42 -17
9 42 -14
10 42 -16
11 42 -18
12 42 -18
13 42 -24
14 42 -25
15 42 -28
16 42 -29
17 42 -32
18 42 -32
19 42 -36
20 42 -34
21 42 -34
22 42 -32
23 42 -34
24 42 -36
25 42 -36
26 42 -36
27 42 -36
28 42 -33
29 42 -36
30 42 -36
31 42 -35
32 42 -36
33 42 -36
34 42 -34
35 42 -32
36 42 -31
37 42 -32
38 42 -37
39 42 -37
40 42 -34
41 42 -37
42 42 -35
43 42 -34
44 42 -36
45 42 -33
46 42 -34
47 42 -32
48 42 -36
49 42 -36
0 43 -20
1 43 -21
2 43 -18
3 43 -20
4 43 -20
5 43 -16
6 43 -17
7 43 -16
8 43 -19
9 43 -19
10 43 -20
11 43 -19
12 43 -23
13 43 -25
14 43 -27
15 43 -29
16 43 -31
17 43 -30
18 43 -34
19 43 -35
20 43 -33
21 43 -36
22 43 -34
23 43 -33
24 43 -33
25 43 -33
26 43 -35
27 43 -35
28 43 -35
29 43 -36
30 43 -36
31 43 -35
32 43 -36
33 43 -34
34 43 -35
35 43 -35
36 43 -34
37 43 -36
38 43 -36
39 43 -36
40 43 -35
41 43 -36
42 43 -36
43 43 -37
44 43 -35
45 43 -34
46 43 -34
47 43 -33
48 43 -33
49 43 -34
0 44 -23
1 44 -23
2 44 -21
3 44 -19
4 44 -21
5 44 -18
6 44 -21
7 44 -21
8 44 -21
9 44 -20
10 44 -21
11 44 -23
12 44 -27
13 44 -24
14 44 -27
15 44 -28
16 44 -29
17 44 -32
18 44 -31
19 44 -34
20 44 -35
21 44 -34
22 44 -34
23 44 -32
24 44 -34
25 44 -36
26 44 -33
27 44 -35
28 44 -36
29 44 -35
30 44 -32
31 44 -37
32 44 -37
33 44 -36
34 44 -36
35 44 -37
36 44 -34
37 44 -37
38 44 -37
39 44 -33
40 44 -35
41 44 -36
42 44 -38
43 44 -36
44 44 -37
45 44 -34
46 44 -37
47 44 -33
48 44 -32
49 44 -34
0 45 -22
1 45 -22
2 45 -22
3 45 -20
4 45 -19
5 45 -23
6 45 -22
7 45 -21
8 45 -20
9 45 -19
10 45 -21
11 45 -23
12 45 -24
13 45 -27
14 45 -26
15 45 -28
16 45 -32
17 45 -34
18 45 -35
19 45 -34
20 45 -35
21 45 -33
22 45 -33
23 45 -32
24 45 -33
25 45 -32
26 45 -33
27 45 -34
28 45 -37
29 45 -36
30 45 -33
31 45 -36
32 45 -38
33 45 -35
34 45 -35
35 45 -34
36 45 -36
37 45 -34
38 45 -33
39 45 -34
40 45 -33
41 45 -36
42 45 -37
43 45 -36
44 45 -34
45 45 -35
46 45 -37
47 45 -34
48 45 -35
49 45 -37
0 46 -16
1 46 -22
2 46 -22
3 46 -23
4 46 -22
5 46 -24
6 46 -23
7 46 -24
8 46 -23
9 46 -22
10 46 -23
11 46 -25
12 46 -23
13 46 -26
14 46 -29
15 46 -31
16 46 -35
17 46 -32
18 46 -32
19 46 -31
20 46 -32
21 46 -32
22 46 -35
23 46 -34
24 46 -35
25 46 -33
26 46 -33
27 46 -35
28 46 -34
29 46 -34
30 46 -37
31 46 -34
32 46 -33
33 46 -36
34 46 -34
35 46 -36
36 46 -37
37 46 -35
38 46 -33
39 46 -34
40 46 -32
41 46 -33
42 46 -37
43 46 -36
44 46 -36
45 46 -36
46 46 -33
47 46 -34
48 46 -36
49 46 -33
0 47 -20
1 47 -19
2 47 -22
3 47 -25
4 47 -24
5 47 -23
6 47 -23
7 47 -24
8 47 -25
9 47 -25
10 47 -26
11 47 -24
12 47 -17
13 47 -25
14 47 -27
15 47 -32
16 47 -31
17 47 -34
18 47 -33
19 47 -36
20 47 -32
21 47 -34
22 47 -33
23 47 -33
24 47 -33
25 47 -32
26 47 -35
27 47 -35
28 47 -34
29 47 -36
30 47 -34
31 47 -36
32 47 -34
33 47 -32
34 47 -35
35 47 -34
36 47 -35
37 47 -36
38 47 -33
39 47 -33
40 47 -37
41 47 -34
42 47 -37
43 47 -37
44 47 -37
45 47 -37
46 47 -35
47 47 -34
48 47 -33
49 47 -35
0 48 -13
1 48 -19
2 48 -22
3 48 -24
4 48 -21
5 48 -22
6 48 -23
7 48 -22
8 48 -24
9 48 -25
10 48 -27
11 48 -25
12 48 -21
13 48 -29
14 48 -29
15 48 -32
16 48 -34
17 48 -34
18 48 -36
19 48 -31
20 48 -32
21 48 -33
22 48 -37
23 48 -34
24 48 -32
25 48 -36
26 48 -34
27 48 -35
28 48 -33
29 48 -33
30 48 -35
31 48 -35
32 48 -35
33 48 -36
34 48 -32
35 48 -33
36 48 -35
37 48 -34
38 48 -31
39 48 -31
40 48 -33
41 48 -34
42 48 -35
43 48 -35
44 48 -36
45 48 -34
46 48 -35
47 48 -35
48 48 -35
49 48 -35
0 49 -15
1 49 -17
2 49 -21
3 49 -21
4 49 -21
5 49 -19
6 49 -22
7 49 -24
8 49 -24
9 49 -25
10 49 -28
11 49 -24
12 49 -27
13 49 -27
14 49 -29
15 49 -28
16 49 -30
17 49 -32
18 49 -34
19 49 -35
20 49 -34
21 49 -33
22 49 -36
23 49 -35
24 49 -34
25 49 -35
26 49 -36
27 49 -34
28 49 -35
29 49 -33
30 49 -34
31 49 -36
32 49 -35
33 49 -37
34 49 -35
35 49 -34
36 49 -33
37 49 -34
38 49 -34
39 49 -36
40 49 -36
41 49 -35
42 49 -35
43 49 -35
44 49 -36
45 49 -34
46 49 -37
47 49 -36
48 49 -35
49 49 -37
