24 37 -32 -489388652 
15 30 -16 -489388652 
11 38 -2 -489388652 
39 13 -39 -489388652 
24 5 -16 -489388652 
18 4 -56 -489388652 
32 19 -32 -489388652 
37 29 -37 -489388652 
31 33 -33 -489388652 
8 13 -5 -489388652 
18 41 -31 -489388652 
10 30 -4 -489388652 
17 44 -32 -489388652 
9 37 -1 -489388652 
26 30 -30 -489388652 
27 43 -35 -489388652 
40 26 -44 -489388652 
48 34 -31 -489388652 
17 8 -23 -489388652 
29 39 -35 -489388652 
21 47 -34 -489388652 
33 9 -32 -489388652 
24 11 -19 -489388652 
20 6 -28 -489388652 
16 12 -14 -489388652 
28 15 -33 -489388652 
37 10 -44 -489388652 
35 15 -32 -489388652 
44 21 -38 -489388652 
