50 50
-33 -32 -35 -35 -35 -33 -34 -37 -37 -41 -41 -45 -41 -38 0 0 0 0 0 0 0 0 0 0 -26 -30 -26 -31 -31 -32 -31 0 -35 -37 -34 -37 -35 -36 -38 -36 -41 -38 -41 -39 -39 -39 -40 -40 -40 -39 
-31 -30 -30 -32 -34 -31 -36 0 0 -42 -47 -49 -46 -39 0 -31 0 0 0 0 0 0 0 -22 -25 -27 -29 -29 -30 -31 -34 -35 -37 -36 -38 -36 -35 -37 -35 -40 -37 -41 -39 -41 -41 -40 -37 -37 -41 -40 
-34 -30 -32 -32 -31 -33 -33 0 -33 -41 -48 -50 -46 -39 0 -33 0 0 0 0 0 0 -23 -25 -27 -27 -26 -30 -31 -35 -32 -36 -35 -38 -36 -36 -35 -38 -34 -37 -38 -38 -42 -39 -38 -40 -39 -41 -38 -39 
-30 0 -32 0 -32 -31 -31 -30 -30 -33 0 -47 -39 -33 -31 0 0 0 0 0 0 -24 0 -22 -22 -24 -28 -28 0 -33 -34 -33 -37 -35 -35 -34 -36 -38 -35 -37 -39 -40 -41 -39 -39 -42 -40 -40 -41 -40 
-35 -30 -28 -28 -27 -30 -28 -28 -28 -29 -30 0 -32 -30 -29 0 0 0 -56 0 0 0 0 -24 0 -24 -24 -28 -30 -34 -36 -34 -36 -32 -35 -37 -34 -35 -37 -37 -41 -37 -40 -41 -41 -40 -39 -40 -41 -41 
-30 -30 -28 -28 -27 -26 -27 -25 -25 -25 -26 -27 -28 -28 -29 -27 0 0 0 0 0 0 0 -19 -16 -22 -28 -29 -31 -33 -36 -36 -34 -36 -35 -37 -35 -37 -38 -41 -40 -41 -39 -40 -39 -40 -40 -41 -39 -42 
-30 -31 -29 -28 -26 0 -28 -24 -23 -26 -24 -27 -26 0 -26 -23 0 0 0 0 -28 -25 0 -19 -21 -26 -26 -28 -32 -35 -35 -34 -36 -35 -33 -34 -37 -35 -39 -40 -39 -39 -41 -40 -37 -38 -40 -39 -41 -39 
-28 -28 -29 -27 -29 -25 -26 -23 -22 -21 -23 -23 -26 -24 -22 -22 0 0 0 0 0 -28 0 -22 -24 0 -28 -32 -31 -32 -36 -33 -36 -36 -36 -37 -35 -38 -39 -41 -41 -40 -39 -40 -41 -41 -40 -40 -39 -41 
-30 -30 -29 -28 -28 -23 -24 -23 -24 -17 -21 -22 -24 0 -23 -21 0 -23 0 -22 -24 -26 -28 -27 0 -28 -29 -32 -31 -32 -32 -34 -34 -34 -36 -36 -39 -37 -39 -40 -41 -38 -39 -41 -42 -40 -40 -41 -40 -40 
-28 -27 -26 -24 -24 -21 -21 -19 -20 -16 -19 -21 -23 -24 -22 -21 -19 -20 -19 0 -27 -27 -26 -27 -24 -28 -31 -33 -35 -34 -35 -34 -34 -32 -38 -37 -38 -40 -41 -40 -41 -39 -41 -41 -40 -39 -41 -41 -40 -40 
-27 -24 -25 -21 -20 -23 -19 -17 -18 -18 -19 -21 -22 -24 0 -21 -18 -15 -18 -24 -24 -25 -27 -24 -26 -25 -29 -35 -34 -36 -35 -37 -34 -35 -36 -39 -40 -44 -40 -40 -40 -42 -41 -38 -38 -40 -41 -40 -39 -41 
-24 -25 -21 -22 -20 -19 -14 -14 -11 -13 -17 -20 -21 -21 -20 -17 -17 -12 -19 0 0 -28 -27 -27 -19 -21 -25 -32 -36 -33 -37 -35 -35 -36 -35 -36 -40 -40 -40 -41 -40 -41 -40 -41 -41 -39 -37 -40 -40 -40 
-24 -23 -22 -20 -17 -14 -14 -9 -9 -13 -18 -19 0 -20 0 -20 -14 0 -20 -23 -28 -29 -27 -25 -27 -25 -28 -32 -33 -36 -36 -37 -34 -36 -37 -38 -37 -41 -40 -44 -41 -41 -41 -38 -41 -40 -40 -40 -37 -37 
-23 -23 -21 -22 -17 -13 -9 -10 -5 -12 -16 -19 -18 -20 -20 -17 -20 -19 -22 -24 -29 -31 -30 -29 -27 -28 -28 -32 -32 -34 -36 -35 -35 -37 -33 -37 -37 -35 -39 -39 -41 -41 -40 -37 -40 -39 -40 -38 -36 -37 
-23 -23 -23 -22 -17 -15 -13 -10 -7 -12 -18 -21 -22 -22 -21 -21 -19 -20 -27 -27 -28 -29 -29 -31 -30 -29 -31 -34 -32 -32 -35 -33 -37 -35 -36 -34 -35 -36 -39 -39 -38 -41 -41 -38 -39 -40 -39 -38 -40 -40 
-22 -26 -23 -20 -20 -18 -15 -15 -14 -16 -17 -19 -22 -20 -23 -19 -23 -23 -25 -29 -30 -30 -31 -31 -31 -33 -31 -35 -33 -35 -35 -33 -37 -36 -35 -32 -35 -35 -37 -40 -37 -39 -38 -41 -41 -40 -39 -40 -39 -39 
-25 -22 -24 -20 -20 -20 -18 -16 -15 -18 -19 -20 -20 -21 -20 -23 -22 -27 -26 -26 -29 -32 -31 -35 -33 -33 -35 -34 -35 -36 -36 -34 -34 -37 -35 -36 -36 -35 -37 -39 -41 -38 -41 -40 -41 -41 -39 -40 -41 -37 
-24 -23 -22 -19 -22 -21 -21 -19 -18 -19 -20 -21 -22 -21 -21 -22 -23 -27 -24 -26 -30 -30 -31 -34 -34 -35 -37 -35 -33 -35 -32 -34 -32 -34 -34 -33 -36 -35 -36 -37 -39 -37 -37 -39 -41 -42 -40 -40 -41 -40 
-24 -25 -24 -23 -24 -22 -22 -21 -22 -22 -20 -22 -23 -24 -22 -26 -24 -26 -27 -27 -30 -31 -32 -32 -37 -36 -35 -34 -35 -34 -36 -33 -34 -33 -32 -35 -37 -34 -38 -36 -40 -36 -40 -41 -40 -40 -41 -39 -40 -41 
-22 -22 -24 -22 -23 -21 -23 -24 -21 0 -22 -23 -22 -25 -26 -24 -26 -25 -27 -28 -27 -31 -33 -35 -34 -34 -32 -32 -35 -34 -34 -33 -32 -35 -34 -33 -34 -37 -37 -39 -39 -39 -36 -40 -41 -41 -42 -41 -40 -41 
-21 -24 -22 -22 -23 -21 -20 -21 -22 -22 -22 -25 -24 -24 -26 -26 -24 -21 -27 -26 -29 -30 -34 -34 -34 -36 -34 -33 -34 -35 -33 -37 -34 -34 -36 -33 -37 -35 -39 -40 -40 -39 -40 -40 -40 -40 -39 -39 -39 -41 
-19 -22 -24 -24 -22 -21 -23 -21 -21 -22 -24 -23 -26 -24 -26 -28 -25 -27 -28 -31 -31 -30 -33 -31 -33 -35 -33 -33 -34 -36 -33 -36 -34 -36 -37 -36 -36 -37 -39 -37 -42 -40 -41 -40 -38 -40 -39 -38 -39 -41 
-23 -22 -24 -22 -22 -23 -23 -22 -22 -22 -21 -25 -22 -25 -24 -25 -27 -27 -27 -29 -31 -33 -34 -30 -33 -34 -36 -32 -34 -34 -35 -34 -34 -36 -37 -38 -40 -38 -38 -41 -41 -40 -39 -42 -41 -40 -41 -40 -37 -36 
-21 -23 -21 -22 -22 -20 -23 -22 -21 -22 -21 -21 -17 -23 -25 -24 -26 -27 -28 -30 -31 -33 -30 -31 -32 -33 -34 -37 -37 -35 -34 -37 -37 -34 -39 -39 -40 -40 -40 -40 -39 -39 -41 -41 -41 -41 -40 -40 -36 -39 
-23 -23 -20 -21 -23 -22 -20 -22 -22 -21 -18 -18 -20 -22 -23 -26 -28 -26 -27 -28 -32 -30 -34 -34 -33 -33 -33 -35 -37 -35 -34 -33 -37 -36 -38 -37 -41 -41 -41 -41 -41 -41 -39 -40 -40 -39 -38 -37 -39 -36 
-24 -23 -23 -17 -18 -22 -20 -22 -18 -19 -16 -20 -22 -22 -22 -24 -26 -27 -29 -29 -31 -29 -33 -33 -33 -34 -35 -37 -34 -34 -33 -37 -36 -39 -38 -41 -39 -41 -40 -41 -42 -40 -40 -39 -41 -41 -39 -37 -39 -35 
-23 -21 -21 -20 -20 -22 -19 -17 -18 -18 -18 -16 -19 -23 -23 -25 -28 -27 -25 -26 -27 -30 -32 -34 -34 -33 -35 -37 -36 -37 -37 -37 -37 -41 -39 -37 -41 -41 -40 -41 -44 -40 -41 -41 -39 -40 -39 -39 -37 -36 
-23 -24 -22 -21 -19 -17 -19 -18 -17 -17 -15 -13 -17 -21 -20 -24 -23 -24 -24 -27 -27 -29 -31 -34 -32 -35 -34 -33 -34 -35 -37 -36 -37 -37 -38 -37 -38 -41 -40 -41 -40 -41 -40 -39 -38 -40 -39 -35 -36 -37 
-22 -22 -22 -22 -19 -20 -17 -15 -14 -14 -11 -15 -16 -21 -18 -20 -22 -20 -25 -27 -28 -32 -33 -36 -34 -34 -32 -34 -36 -37 -34 -36 -35 -37 -41 -39 -40 -39 -41 -39 -40 -38 -39 -40 -38 -39 -38 -35 -34 -37 
-24 -22 -22 -20 -19 -17 -19 -15 -13 -10 -12 -9 -16 -16 -18 -18 -18 -18 -23 -26 -28 -30 -32 -33 -34 -35 -33 -33 -34 -36 -34 -33 -37 -38 -37 -39 -38 -37 -38 -40 -40 -37 -37 -36 -36 -39 -36 -36 -35 -35 
-22 -24 -25 -20 -20 -18 -17 -14 -13 -7 -4 -6 -15 -18 -15 -16 -21 -22 -23 -27 -28 -30 -31 -35 -34 -32 -30 -34 -33 -35 -36 -33 -36 -36 -35 -36 -39 -41 -40 -42 -40 -39 -39 -40 -39 -36 -36 -35 -31 -34 
-24 -22 -21 -23 -20 -17 -15 -13 -11 -9 -5 -8 -13 -17 -18 -14 -17 -22 -22 -26 -25 -27 -30 -32 -34 -34 -33 -32 -37 -35 -34 -33 -35 -37 -36 -37 -39 -42 -42 -40 -39 -40 -36 -39 -36 -37 -35 -33 -35 -35 
-22 -21 -22 -19 -18 -14 -15 -15 -12 -11 -8 -11 -15 -16 -16 -16 -22 -19 -23 -28 -25 -29 -32 -30 -35 -33 -34 -33 -34 -34 -34 -33 -36 -37 -37 -39 -41 -38 -41 -40 -40 -40 -40 -37 -39 -36 -35 -34 -35 -32 
-23 -22 -17 -18 -17 -18 -14 -14 -11 -12 -11 -14 -17 -17 -19 -20 -22 -23 -26 -27 -25 -28 -32 -30 -33 -31 -35 -31 -36 -33 -34 -33 -33 -36 -36 -38 -37 -41 -41 -40 -41 -38 -40 0 -38 -38 -34 -35 -35 -35 
-20 -20 -20 -21 -21 -16 -15 -13 -13 -9 -12 -12 -16 -16 -19 -21 -24 -23 -23 -26 -28 -32 -32 -33 -31 -32 -33 -35 -35 -34 -34 -33 -36 -34 -39 -40 -40 -41 -41 -41 -39 -39 -37 -38 -36 -36 -36 -32 -31 -33 
-21 -22 -19 -18 -20 -15 -12 -11 -9 -4 -8 -13 -13 -19 -17 -22 -21 -24 -25 -29 -30 -31 -31 -34 -32 -34 -33 -36 -33 -36 -37 -36 -34 -36 -38 -40 -39 -41 -38 -42 -41 -38 -40 -37 -33 -36 -33 -35 -33 -35 
-20 -20 -19 -18 -17 -17 -11 -9 -6 -8 -6 -10 -13 -15 -19 -22 -24 -27 -28 -28 -31 -32 -33 -33 -32 -32 -34 -34 -36 -33 -33 -34 -36 -36 -37 -40 -38 -41 -40 -38 -40 -38 -37 -36 -35 -34 -35 -34 -31 -31 
-22 -17 -20 -16 -12 -12 -11 -11 -6 -1 -5 -8 -6 -15 -17 -19 -23 -25 -28 -28 -33 -34 -35 -31 -32 -36 -36 -37 -33 -36 -34 -38 -36 -36 -37 -40 -37 -36 -37 -40 -40 -39 -36 -36 -36 -36 -34 -34 -35 -32 
-20 -20 -18 -15 -15 -11 -11 -9 -11 -6 -4 -2 -8 -11 -19 -20 -22 -28 -29 -30 -33 -35 -32 -32 -35 -32 -35 -35 -37 -35 -35 -35 -35 -39 -37 -40 -38 -38 -40 -37 -38 -36 -36 -33 -35 -34 -35 -34 -33 -34 
-22 -17 -20 -16 -15 -15 -11 -9 -7 -9 -6 -4 -4 0 0 -19 0 -26 -30 -33 -35 -34 -34 -30 -33 -32 -36 -34 -35 -35 -34 -35 -36 -37 -41 -38 -37 -36 -37 -36 -36 -36 -33 -35 -35 -36 -36 -36 -35 -33 
-20 -19 -18 -19 -18 -13 -13 -14 -11 -11 -11 -9 -3 0 0 -22 -17 0 -30 -35 -33 -34 -33 -31 -34 -35 -34 -33 -37 -33 -36 -37 -38 -38 -39 -39 -39 -36 -39 -36 -36 -34 -34 -37 -39 -35 -35 -33 -34 -33 
-21 -19 -19 -18 -20 -16 -14 -15 -13 -13 -11 -9 -9 -7 -17 -19 -21 -28 -31 -32 -33 -31 -33 -35 -34 -36 -35 -34 -36 -34 -37 -37 -40 -37 -37 -36 -37 -35 -36 -38 -37 -38 -35 -37 -36 -36 -35 -34 -32 -34 
-23 -23 -21 -20 -19 -18 -19 -17 -12 -14 -10 -12 -9 -11 -15 -22 -22 -28 -30 -31 -34 -32 -31 -33 -35 -35 -36 -34 -34 -35 -36 -36 -39 -36 -39 -36 -37 -36 -34 -35 -35 -37 -37 -35 -35 -37 -37 -36 -34 -36 
-26 -24 -22 -21 -21 -17 -20 -17 -16 -16 -16 -14 -13 -16 -18 -19 -25 -28 -29 -31 -31 -35 -31 -34 -37 -37 -36 -35 -36 -36 -35 -40 -37 -35 -34 -35 -37 -34 -35 -39 -36 -39 -36 -36 -37 -34 -38 -37 -34 -35 
-22 -21 -22 -22 -21 -19 -21 -18 -16 -18 -16 -19 -16 -17 -19 -23 -25 -32 -30 -32 -35 -33 -32 -32 -33 -34 -34 -36 -36 -37 -37 -39 -35 -36 -35 -36 -35 -35 -37 -37 -35 -37 -36 -34 -37 -36 -36 -34 -35 -34 
-24 -24 -24 -23 -20 -22 -19 -18 -18 -16 -21 -19 -18 -19 -19 -23 -28 -28 -31 -30 -33 -32 -34 -33 -36 -34 -34 -38 -36 -37 -35 -37 -37 -35 -35 -36 -36 -33 -36 -36 -35 -34 -36 -35 -37 -35 -36 -36 -34 -35 
-22 -21 -24 -24 -22 -20 -22 -19 -21 -19 -20 -21 -23 -24 -24 -24 -27 -29 -30 -31 -33 -36 -36 -35 -34 -34 -36 -37 -39 -36 -37 -37 -34 -36 -34 -38 -36 -36 -34 -33 -36 -34 -37 -36 -36 -35 -34 -34 -36 -36 
-21 -21 -22 -22 -21 -22 -20 -22 -23 -19 -20 -22 -22 -22 -22 -25 -25 -28 -31 -32 -35 -34 -35 -34 -34 -35 -37 -38 -36 -37 -34 -34 -38 -37 -36 -35 -34 -33 -33 -35 -37 -34 -33 -36 -37 -37 -36 -36 -37 -34 
-19 -23 -22 -23 -22 -22 -24 -24 -21 -23 -23 -22 -24 -25 -24 -28 -29 -30 -33 -34 -33 -35 -32 -35 -36 -36 -36 -36 -38 -36 -33 -36 -34 -36 -35 -34 -36 -33 -36 -34 -33 -36 -34 -35 -33 -36 -35 -34 -35 -34 
-21 -21 -22 -19 -21 -21 -18 -22 -23 -22 -23 -24 -22 -24 -28 -29 -28 -30 -32 -32 -32 -31 -34 -34 -35 -36 -34 -35 -37 -35 -32 -36 -36 -36 -36 -36 -35 -35 -36 -36 -36 -34 -33 -34 -36 -36 -37 -33 -35 -37 
