0 0 -32
1 0 -32
2 0 -32
3 0 -33
4 0 -33
5 0 -33
6 0 -33
7 0 -33
8 0 -33
9 0 -33
10 0 -33
11 0 -33
12 0 -33
13 0 -33
14 0 -33
15 0 -33
16 0 -33
17 0 -33
18 0 -33
19 0 -33
20 0 -33
21 0 -33
22 0 -33
23 0 -33
24 0 -33
25 0 -33
26 0 -33
27 0 -33
28 0 -33
29 0 -33
30 0 -33
31 0 -33
32 0 -33
33 0 -33
34 0 -33
35 0 -33
36 0 -33
37 0 -33
38 0 -33
39 0 -33
40 0 -33
41 0 -33
42 0 -33
43 0 -33
44 0 -33
45 0 -33
46 0 -33
47 0 -33
48 0 -33
49 0 -33
0 1 -32
1 1 -32
2 1 -32
3 1 -32
4 1 -32
5 1 -33
6 1 -33
7 1 -33
8 1 -33
9 1 -33
10 1 -33
11 1 -33
12 1 -33
13 1 -33
14 1 -33
15 1 -33
16 1 -33
17 1 -33
18 1 -33
19 1 -33
20 1 -33
21 1 -33
22 1 -33
23 1 -33
24 1 -31
25 1 -31
26 1 -32
27 1 -33
28 1 -33
29 1 -33
30 1 -33
31 1 -33
32 1 -33
33 1 -33
34 1 -33
35 1 -33
36 1 -33
37 1 -33
38 1 -33
39 1 -33
40 1 -33
41 1 -33
42 1 -33
43 1 -33
44 1 -33
45 1 -33
46 1 -33
47 1 -33
48 1 -33
49 1 -33
0 2 -31
1 2 -31
2 2 -31
3 2 -32
4 2 -32
5 2 -32
6 2 -32
7 2 -32
8 2 -32
9 2 -32
10 2 -33
11 2 -33
12 2 -33
13 2 -33
14 2 -33
15 2 -33
16 2 -33
17 2 -33
18 2 -33
19 2 -33
20 2 -33
21 2 -33
22 2 -31
23 2 -29
24 2 -29
25 2 -29
26 2 -31
27 2 -32
28 2 -33
29 2 -33
30 2 -33
31 2 -33
32 2 -33
33 2 -33
34 2 -33
35 2 -33
36 2 -33
37 2 -33
38 2 -33
39 2 -33
40 2 -33
41 2 -33
42 2 -33
43 2 -33
44 2 -33
45 2 -33
46 2 -33
47 2 -33
48 2 -33
49 2 -33
0 3 -31
1 3 -31
2 3 -31
3 3 -31
4 3 -31
5 3 -31
6 3 -31
7 3 -31
8 3 -31
9 3 -31
10 3 -32
11 3 -32
12 3 -33
13 3 -33
14 3 -33
15 3 -33
16 3 -33
17 3 -33
18 3 -33
19 3 -33
20 3 -33
21 3 -33
22 3 -28
23 3 -24
24 3 -22
25 3 -24
26 3 -29
27 3 -32
28 3 -33
29 3 -33
30 3 -33
31 3 -33
32 3 -33
33 3 -33
34 3 -33
35 3 -33
36 3 -33
37 3 -33
38 3 -33
39 3 -33
40 3 -33
41 3 -33
42 3 -33
43 3 -33
44 3 -33
45 3 -33
46 3 -33
47 3 -33
48 3 -33
49 3 -33
0 4 -31
1 4 -30
2 4 -30
3 4 -30
4 4 -30
5 4 -30
6 4 -30
7 4 -30
8 4 -30
9 4 -30
10 4 -31
11 4 -31
12 4 -32
13 4 -33
14 4 -33
15 4 -33
16 4 -33
17 4 -33
18 4 -33
19 4 -33
20 4 -33
21 4 -32
22 4 -26
23 4 -20
24 4 -17
25 4 -24
26 4 -28
27 4 -31
28 4 -33
29 4 -33
30 4 -33
31 4 -33
32 4 -33
33 4 -33
34 4 -33
35 4 -33
36 4 -33
37 4 -33
38 4 -33
39 4 -33
40 4 -33
41 4 -33
42 4 -33
43 4 -33
44 4 -33
45 4 -33
46 4 -33
47 4 -33
48 4 -33
49 4 -33
0 5 -30
1 5 -30
2 5 -29
3 5 -29
4 5 -29
5 5 -29
6 5 -28
7 5 -28
8 5 -29
9 5 -29
10 5 -30
11 5 -30
12 5 -31
13 5 -31
14 5 -32
15 5 -33
16 5 -33
17 5 -33
18 5 -33
19 5 -33
20 5 -33
21 5 -31
22 5 -26
23 5 -19
24 5 -17
25 5 -24
26 5 -28
27 5 -31
28 5 -33
29 5 -33
30 5 -33
31 5 -33
32 5 -33
33 5 -33
34 5 -33
35 5 -33
36 5 -33
37 5 -33
38 5 -33
39 5 -33
40 5 -33
41 5 -33
42 5 -33
43 5 -33
44 5 -33
45 5 -33
46 5 -33
47 5 -33
48 5 -33
49 5 -33
0 6 -29
1 6 -29
2 6 -29
3 6 -28
4 6 -28
5 6 -27
6 6 -27
7 6 -27
8 6 -27
9 6 -27
10 6 -28
11 6 -29
12 6 -29
13 6 -30
14 6 -30
15 6 -30
16 6 -30
17 6 -33
18 6 -33
19 6 -32
20 6 -30
21 6 -30
22 6 -27
23 6 -22
24 6 -21
25 6 -26
26 6 -29
27 6 -32
28 6 -33
29 6 -33
30 6 -33
31 6 -33
32 6 -33
33 6 -33
34 6 -33
35 6 -33
36 6 -33
37 6 -33
38 6 -33
39 6 -33
40 6 -33
41 6 -33
42 6 -33
43 6 -33
44 6 -33
45 6 -33
46 6 -33
47 6 -33
48 6 -33
49 6 -33
0 7 -29
1 7 -28
2 7 -28
3 7 -27
4 7 -26
5 7 -26
6 7 -25
7 7 -25
8 7 -25
9 7 -26
10 7 -26
11 7 -27
12 7 -28
13 7 -28
14 7 -28
15 7 -27
16 7 -25
17 7 -26
18 7 -29
19 7 -29
20 7 -29
21 7 -29
22 7 -28
23 7 -25
24 7 -25
25 7 -28
26 7 -30
27 7 -32
28 7 -33
29 7 -33
30 7 -33
31 7 -33
32 7 -33
33 7 -33
34 7 -33
35 7 -33
36 7 -33
37 7 -33
38 7 -33
39 7 -33
40 7 -33
41 7 -33
42 7 -33
43 7 -33
44 7 -33
45 7 -33
46 7 -33
47 7 -33
48 7 -33
49 7 -33
0 8 -28
1 8 -28
2 8 -27
3 8 -26
4 8 -25
5 8 -24
6 8 -23
7 8 -23
8 8 -23
9 8 -23
10 8 -24
11 8 -26
12 8 -26
13 8 -27
14 8 -27
15 8 -26
16 8 -24
17 8 -24
18 8 -27
19 8 -29
20 8 -29
21 8 -29
22 8 -28
23 8 -27
24 8 -26
25 8 -28
26 8 -30
27 8 -33
28 8 -33
29 8 -33
30 8 -33
31 8 -33
32 8 -33
33 8 -33
34 8 -33
35 8 -33
36 8 -33
37 8 -33
38 8 -33
39 8 -33
40 8 -33
41 8 -33
42 8 -33
43 8 -33
44 8 -33
45 8 -33
46 8 -33
47 8 -33
48 8 -33
49 8 -33
0 9 -28
1 9 -27
2 9 -26
3 9 -25
4 9 -24
5 9 -23
6 9 -21
7 9 -20
8 9 -20
9 9 -17
10 9 -22
11 9 -24
12 9 -25
13 9 -25
14 9 -25
15 9 -24
16 9 -24
17 9 -25
18 9 -27
19 9 -28
20 9 -29
21 9 -29
22 9 -28
23 9 -26
24 9 -24
25 9 -25
26 9 -28
27 9 -32
28 9 -33
29 9 -33
30 9 -33
31 9 -33
32 9 -33
33 9 -32
34 9 -33
35 9 -33
36 9 -33
37 9 -33
38 9 -33
39 9 -33
40 9 -33
41 9 -33
42 9 -33
43 9 -33
44 9 -33
45 9 -33
46 9 -33
47 9 -33
48 9 -33
49 9 -33
0 10 -27
1 10 -26
2 10 -25
3 10 -24
4 10 -22
5 10 -21
6 10 -19
7 10 -17
8 10 -16
9 10 -16
10 10 -19
11 10 -22
12 10 -23
13 10 -24
14 10 -23
15 10 -21
16 10 -21
17 10 -23
18 10 -25
19 10 -27
20 10 -28
21 10 -28
22 10 -27
23 10 -24
24 10 -21
25 10 -21
26 10 -25
27 10 -31
28 10 -33
29 10 -33
30 10 -33
31 10 -33
32 10 -33
33 10 -33
34 10 -33
35 10 -33
36 10 -33
37 10 -33
38 10 -33
39 10 -33
40 10 -33
41 10 -33
42 10 -33
43 10 -33
44 10 -33
45 10 -33
46 10 -33
47 10 -33
48 10 -33
49 10 -33
0 11 -27
1 11 -26
2 11 -25
3 11 -23
4 11 -21
5 11 -19
6 11 -16
7 11 -14
8 11 -12
9 11 -13
10 11 -16
11 11 -20
12 11 -22
13 11 -22
14 11 -21
15 11 -18
16 11 -17
17 11 -19
18 11 -24
19 11 -27
20 11 -28
21 11 -28
22 11 -27
23 11 -24
24 11 -20
25 11 -21
26 11 -25
27 11 -31
28 11 -33
29 11 -33
30 11 -33
31 11 -33
32 11 -33
33 11 -33
34 11 -33
35 11 -33
36 11 -33
37 11 -33
38 11 -33
39 11 -33
40 11 -33
41 11 -33
42 11 -33
43 11 -33
44 11 -33
45 11 -33
46 11 -33
47 11 -33
48 11 -33
49 11 -33
0 12 -26
1 12 -25
2 12 -24
3 12 -22
4 12 -20
5 12 -18
6 12 -14
7 12 -11
8 12 -8
9 12 -9
10 12 -13
11 12 -18
12 12 -21
13 12 -22
14 12 -20
15 12 -17
16 12 -14
17 12 -17
18 12 -23
19 12 -26
20 12 -28
21 12 -28
22 12 -27
23 12 -25
24 12 -23
25 12 -24
26 12 -28
27 12 -32
28 12 -33
29 12 -33
30 12 -33
31 12 -33
32 12 -33
33 12 -33
34 12 -33
35 12 -33
36 12 -33
37 12 -33
38 12 -33
39 12 -33
40 12 -33
41 12 -33
42 12 -33
43 12 -33
44 12 -33
45 12 -33
46 12 -33
47 12 -33
48 12 -33
49 12 -33
0 13 -26
1 13 -25
2 13 -24
3 13 -22
4 13 -20
5 13 -17
6 13 -13
7 13 -9
8 13 -5
9 13 -6
10 13 -11
11 13 -17
12 13 -20
13 13 -21
14 13 -20
15 13 -18
16 13 -16
17 13 -19
18 13 -23
19 13 -26
20 13 -28
21 13 -28
22 13 -28
23 13 -27
24 13 -27
25 13 -28
26 13 -30
27 13 -32
28 13 -33
29 13 -33
30 13 -33
31 13 -33
32 13 -33
33 13 -33
34 13 -33
35 13 -33
36 13 -33
37 13 -33
38 13 -33
39 13 -33
40 13 -33
41 13 -33
42 13 -33
43 13 -33
44 13 -33
45 13 -33
46 13 -33
47 13 -33
48 13 -33
49 13 -33
0 14 -26
1 14 -25
2 14 -23
3 14 -22
4 14 -20
5 14 -17
6 14 -13
7 14 -9
8 14 -6
9 14 -7
10 14 -12
11 14 -17
12 14 -20
13 14 -22
14 14 -21
15 14 -20
16 14 -20
17 14 -21
18 14 -24
19 14 -26
20 14 -28
21 14 -29
22 14 -29
23 14 -29
24 14 -29
25 14 -30
26 14 -32
27 14 -33
28 14 -33
29 14 -33
30 14 -33
31 14 -33
32 14 -33
33 14 -33
34 14 -33
35 14 -33
36 14 -33
37 14 -33
38 14 -33
39 14 -33
40 14 -33
41 14 -33
42 14 -33
43 14 -33
44 14 -33
45 14 -33
46 14 -33
47 14 -33
48 14 -33
49 14 -33
0 15 -26
1 15 -24
2 15 -23
3 15 -22
4 15 -20
5 15 -18
6 15 -15
7 15 -12
8 15 -9
9 15 -10
10 15 -14
11 15 -18
12 15 -21
13 15 -22
14 15 -23
15 15 -22
16 15 -23
17 15 -24
18 15 -25
19 15 -27
20 15 -28
21 15 -29
22 15 -30
23 15 -30
24 15 -31
25 15 -32
26 15 -33
27 15 -33
28 15 -33
29 15 -33
30 15 -33
31 15 -33
32 15 -33
33 15 -33
34 15 -33
35 15 -32
36 15 -33
37 15 -33
38 15 -33
39 15 -33
40 15 -33
41 15 -33
42 15 -33
43 15 -33
44 15 -33
45 15 -33
46 15 -33
47 15 -33
48 15 -33
49 15 -33
0 16 -25
1 16 -24
2 16 -23
3 16 -22
4 16 -21
5 16 -19
6 16 -16
7 16 -15
8 16 -13
9 16 -14
10 16 -16
11 16 -19
12 16 -21
13 16 -23
14 16 -23
15 16 -24
16 16 -24
17 16 -25
18 16 -27
19 16 -28
20 16 -29
21 16 -30
22 16 -31
23 16 -31
24 16 -32
25 16 -32
26 16 -33
27 16 -33
28 16 -33
29 16 -33
30 16 -33
31 16 -33
32 16 -33
33 16 -33
34 16 -33
35 16 -33
36 16 -33
37 16 -33
38 16 -33
39 16 -33
40 16 -33
41 16 -33
42 16 -33
43 16 -33
44 16 -33
45 16 -33
46 16 -33
47 16 -33
48 16 -33
49 16 -33
0 17 -25
1 17 -24
2 17 -23
3 17 -22
4 17 -21
5 17 -20
6 17 -18
7 17 -17
8 17 -16
9 17 -17
10 17 -19
11 17 -21
12 17 -22
13 17 -23
14 17 -24
15 17 -25
16 17 -26
17 17 -26
18 17 -27
19 17 -28
20 17 -29
21 17 -30
22 17 -31
23 17 -32
24 17 -32
25 17 -33
26 17 -33
27 17 -33
28 17 -33
29 17 -33
30 17 -33
31 17 -33
32 17 -33
33 17 -33
34 17 -33
35 17 -33
36 17 -33
37 17 -33
38 17 -33
39 17 -33
40 17 -33
41 17 -33
42 17 -33
43 17 -33
44 17 -33
45 17 -33
46 17 -33
47 17 -33
48 17 -33
49 17 -33
0 18 -25
1 18 -24
2 18 -24
3 18 -23
4 18 -22
5 18 -21
6 18 -20
7 18 -19
8 18 -19
9 18 -19
10 18 -20
11 18 -22
12 18 -23
13 18 -24
14 18 -25
15 18 -26
16 18 -26
17 18 -27
18 18 -28
19 18 -29
20 18 -30
21 18 -31
22 18 -31
23 18 -32
24 18 -33
25 18 -33
26 18 -33
27 18 -33
28 18 -33
29 18 -33
30 18 -33
31 18 -33
32 18 -33
33 18 -33
34 18 -33
35 18 -33
36 18 -33
37 18 -33
38 18 -33
39 18 -33
40 18 -33
41 18 -33
42 18 -33
43 18 -33
44 18 -33
45 18 -33
46 18 -33
47 18 -33
48 18 -33
49 18 -33
0 19 -25
1 19 -24
2 19 -24
3 19 -23
4 19 -22
5 19 -22
6 19 -21
7 19 -21
8 19 -20
9 19 -21
10 19 -22
11 19 -22
12 19 -23
13 19 -24
14 19 -25
15 19 -26
16 19 -27
17 19 -28
18 19 -28
19 19 -29
20 19 -30
21 19 -31
22 19 -32
23 19 -32
24 19 -33
25 19 -33
26 19 -33
27 19 -33
28 19 -33
29 19 -33
30 19 -33
31 19 -33
32 19 -33
33 19 -33
34 19 -33
35 19 -33
36 19 -33
37 19 -33
38 19 -33
39 19 -33
40 19 -33
41 19 -33
42 19 -33
43 19 -33
44 19 -33
45 19 -33
46 19 -33
47 19 -33
48 19 -33
49 19 -33
0 20 -25
1 20 -24
2 20 -24
3 20 -23
4 20 -23
5 20 -22
6 20 -22
7 20 -21
8 20 -21
9 20 -22
10 20 -22
11 20 -23
12 20 -24
13 20 -24
14 20 -25
15 20 -26
16 20 -27
17 20 -28
18 20 -29
19 20 -29
20 20 -30
21 20 -31
22 20 -32
23 20 -33
24 20 -33
25 20 -33
26 20 -33
27 20 -33
28 20 -33
29 20 -33
30 20 -33
31 20 -33
32 20 -33
33 20 -33
34 20 -33
35 20 -33
36 20 -33
37 20 -33
38 20 -33
39 20 -33
40 20 -33
41 20 -33
42 20 -33
43 20 -33
44 20 -33
45 20 -33
46 20 -33
47 20 -33
48 20 -33
49 20 -33
0 21 -25
1 21 -24
2 21 -24
3 21 -23
4 21 -23
5 21 -22
6 21 -22
7 21 -22
8 21 -22
9 21 -22
10 21 -22
11 21 -23
12 21 -23
13 21 -24
14 21 -25
15 21 -26
16 21 -27
17 21 -28
18 21 -29
19 21 -29
20 21 -30
21 21 -31
22 21 -32
23 21 -33
24 21 -33
25 21 -33
26 21 -33
27 21 -33
28 21 -33
29 21 -33
30 21 -33
31 21 -33
32 21 -33
33 21 -33
34 21 -33
35 21 -33
36 21 -33
37 21 -33
38 21 -33
39 21 -33
40 21 -33
41 21 -33
42 21 -33
43 21 -33
44 21 -33
45 21 -33
46 21 -33
47 21 -33
48 21 -33
49 21 -33
0 22 -24
1 22 -24
2 22 -23
3 22 -23
4 22 -22
5 22 -22
6 22 -22
7 22 -21
8 22 -21
9 22 -21
10 22 -22
11 22 -22
12 22 -23
13 22 -24
14 22 -25
15 22 -26
16 22 -27
17 22 -27
18 22 -28
19 22 -29
20 22 -30
21 22 -31
22 22 -32
23 22 -33
24 22 -33
25 22 -33
26 22 -33
27 22 -33
28 22 -33
29 22 -33
30 22 -33
31 22 -33
32 22 -33
33 22 -33
34 22 -33
35 22 -33
36 22 -33
37 22 -33
38 22 -33
39 22 -33
40 22 -33
41 22 -33
42 22 -33
43 22 -33
44 22 -33
45 22 -33
46 22 -33
47 22 -33
48 22 -33
49 22 -33
0 23 -24
1 23 -24
2 23 -23
3 23 -23
4 23 -22
5 23 -22
6 23 -21
7 23 -21
8 23 -21
9 23 -21
10 23 -21
11 23 -21
12 23 -22
13 23 -23
14 23 -24
15 23 -25
16 23 -26
17 23 -27
18 23 -28
19 23 -29
20 23 -30
21 23 -31
22 23 -32
23 23 -33
24 23 -33
25 23 -33
26 23 -33
27 23 -33
28 23 -33
29 23 -33
30 23 -33
31 23 -33
32 23 -33
33 23 -33
34 23 -33
35 23 -33
36 23 -33
37 23 -33
38 23 -33
39 23 -33
40 23 -33
41 23 -33
42 23 -33
43 23 -33
44 23 -33
45 23 -33
46 23 -33
47 23 -33
48 23 -33
49 23 -33
0 24 -24
1 24 -23
2 24 -23
3 24 -22
4 24 -22
5 24 -21
6 24 -21
7 24 -20
8 24 -20
9 24 -19
10 24 -20
11 24 -20
12 24 -21
13 24 -22
14 24 -23
15 24 -24
16 24 -25
17 24 -27
18 24 -28
19 24 -29
20 24 -30
21 24 -31
22 24 -32
23 24 -33
24 24 -33
25 24 -33
26 24 -33
27 24 -33
28 24 -33
29 24 -33
30 24 -33
31 24 -33
32 24 -33
33 24 -33
34 24 -33
35 24 -33
36 24 -33
37 24 -33
38 24 -33
39 24 -33
40 24 -33
41 24 -33
42 24 -33
43 24 -33
44 24 -33
45 24 -33
46 24 -33
47 24 -33
48 24 -33
49 24 -33
0 25 -24
1 25 -23
2 25 -23
3 25 -22
4 25 -21
5 25 -20
6 25 -20
7 25 -19
8 25 -18
9 25 -18
10 25 -18
11 25 -18
12 25 -19
13 25 -21
14 25 -22
15 25 -23
16 25 -24
17 25 -26
18 25 -27
19 25 -29
20 25 -30
21 25 -31
22 25 -32
23 25 -32
24 25 -33
25 25 -33
26 25 -33
27 25 -33
28 25 -33
29 25 -33
30 25 -33
31 25 -33
32 25 -33
33 25 -33
34 25 -33
35 25 -33
36 25 -33
37 25 -33
38 25 -33
39 25 -33
40 25 -33
41 25 -33
42 25 -33
43 25 -33
44 25 -33
45 25 -33
46 25 -33
47 25 -33
48 25 -33
49 25 -33
0 26 -24
1 26 -23
2 26 -22
3 26 -21
4 26 -21
5 26 -20
6 26 -19
7 26 -17
8 26 -16
9 26 -15
10 26 -15
11 26 -16
12 26 -17
13 26 -19
14 26 -21
15 26 -22
16 26 -23
17 26 -25
18 26 -27
19 26 -28
20 26 -30
21 26 -31
22 26 -32
23 26 -32
24 26 -33
25 26 -33
26 26 -33
27 26 -33
28 26 -33
29 26 -33
30 26 -33
31 26 -33
32 26 -33
33 26 -33
34 26 -33
35 26 -33
36 26 -33
37 26 -33
38 26 -33
39 26 -33
40 26 -33
41 26 -33
42 26 -33
43 26 -33
44 26 -33
45 26 -33
46 26 -33
47 26 -33
48 26 -33
49 26 -33
0 27 -23
1 27 -22
2 27 -22
3 27 -21
4 27 -20
5 27 -19
6 27 -18
7 27 -16
8 27 -14
9 27 -12
10 27 -11
11 27 -13
12 27 -15
13 27 -18
14 27 -19
15 27 -20
16 27 -22
17 27 -24
18 27 -26
19 27 -28
20 27 -30
21 27 -31
22 27 -32
23 27 -32
24 27 -32
25 27 -32
26 27 -32
27 27 -33
28 27 -33
29 27 -33
30 27 -33
31 27 -33
32 27 -33
33 27 -33
34 27 -33
35 27 -33
36 27 -33
37 27 -33
38 27 -33
39 27 -33
40 27 -33
41 27 -33
42 27 -33
43 27 -33
44 27 -33
45 27 -33
46 27 -33
47 27 -33
48 27 -33
49 27 -33
0 28 -23
1 28 -22
2 28 -21
3 28 -20
4 28 -19
5 28 -18
6 28 -17
7 28 -15
8 28 -12
9 28 -9
10 28 -8
11 28 -9
12 28 -13
13 28 -17
14 28 -18
15 28 -19
16 28 -20
17 28 -22
18 28 -25
19 28 -28
20 28 -30
21 28 -31
22 28 -32
23 28 -32
24 28 -32
25 28 -32
26 28 -32
27 28 -32
28 28 -33
29 28 -33
30 28 -33
31 28 -33
32 28 -33
33 28 -33
34 28 -33
35 28 -33
36 28 -33
37 28 -33
38 28 -33
39 28 -33
40 28 -33
41 28 -33
42 28 -33
43 28 -33
44 28 -33
45 28 -33
46 28 -33
47 28 -33
48 28 -33
49 28 -33
0 29 -22
1 29 -22
2 29 -21
3 29 -20
4 29 -19
5 29 -17
6 29 -16
7 29 -14
8 29 -11
9 29 -7
10 29 -4
11 29 -6
12 29 -11
13 29 -16
14 29 -17
15 29 -17
16 29 -18
17 29 -21
18 29 -25
19 29 -28
20 29 -30
21 29 -32
22 29 -33
23 29 -33
24 29 -32
25 29 -32
26 29 -31
27 29 -32
28 29 -33
29 29 -33
30 29 -33
31 29 -33
32 29 -33
33 29 -33
34 29 -33
35 29 -33
36 29 -33
37 29 -33
38 29 -33
39 29 -33
40 29 -33
41 29 -33
42 29 -33
43 29 -33
44 29 -33
45 29 -33
46 29 -33
47 29 -33
48 29 -33
49 29 -33
0 30 -22
1 30 -21
2 30 -20
3 30 -19
4 30 -18
5 30 -17
6 30 -15
7 30 -13
8 30 -11
9 30 -7
10 30 -4
11 30 -6
12 30 -11
13 30 -16
14 30 -17
15 30 -16
16 30 -18
17 30 -21
18 30 -25
19 30 -28
20 30 -31
21 30 -33
22 30 -33
23 30 -33
24 30 -33
25 30 -31
26 30 -30
27 30 -31
28 30 -32
29 30 -33
30 30 -33
31 30 -33
32 30 -33
33 30 -33
34 30 -33
35 30 -33
36 30 -33
37 30 -33
38 30 -33
39 30 -33
40 30 -33
41 30 -33
42 30 -33
43 30 -33
44 30 -33
45 30 -33
46 30 -33
47 30 -33
48 30 -33
49 30 -33
0 31 -22
1 31 -20
2 31 -19
3 31 -18
4 31 -17
5 31 -16
6 31 -15
7 31 -13
8 31 -11
9 31 -9
10 31 -7
11 31 -8
12 31 -11
13 31 -15
14 31 -18
15 31 -18
16 31 -19
17 31 -22
18 31 -25
19 31 -29
20 31 -32
21 31 -33
22 31 -33
23 31 -33
24 31 -33
25 31 -31
26 31 -30
27 31 -31
28 31 -32
29 31 -33
30 31 -33
31 31 -33
32 31 -33
33 31 -33
34 31 -33
35 31 -33
36 31 -33
37 31 -33
38 31 -33
39 31 -33
40 31 -33
41 31 -33
42 31 -33
43 31 -33
44 31 -33
45 31 -33
46 31 -33
47 31 -33
48 31 -33
49 31 -33
0 32 -21
1 32 -20
2 32 -19
3 32 -17
4 32 -16
5 32 -15
6 32 -14
7 32 -13
8 32 -12
9 32 -11
10 32 -10
11 32 -10
12 32 -12
13 32 -16
14 32 -18
15 32 -19
16 32 -21
17 32 -23
18 32 -26
19 32 -29
20 32 -32
21 32 -33
22 32 -33
23 32 -33
24 32 -33
25 32 -32
26 32 -31
27 32 -32
28 32 -32
29 32 -33
30 32 -33
31 32 -33
32 32 -33
33 32 -33
34 32 -33
35 32 -33
36 32 -33
37 32 -33
38 32 -33
39 32 -33
40 32 -33
41 32 -33
42 32 -33
43 32 -33
44 32 -33
45 32 -33
46 32 -33
47 32 -33
48 32 -32
49 32 -32
0 33 -21
1 33 -19
2 33 -18
3 33 -17
4 33 -15
5 33 -14
6 33 -13
7 33 -12
8 33 -11
9 33 -11
10 33 -11
11 33 -12
12 33 -14
13 33 -17
14 33 -19
15 33 -20
16 33 -22
17 33 -24
18 33 -27
19 33 -29
20 33 -32
21 33 -33
22 33 -33
23 33 -33
24 33 -33
25 33 -33
26 33 -32
27 33 -32
28 33 -33
29 33 -33
30 33 -33
31 33 -33
32 33 -33
33 33 -33
34 33 -33
35 33 -33
36 33 -33
37 33 -33
38 33 -33
39 33 -33
40 33 -33
41 33 -33
42 33 -33
43 33 -33
44 33 -33
45 33 -33
46 33 -33
47 33 -32
48 33 -31
49 33 -31
0 34 -20
1 34 -19
2 34 -17
3 34 -16
4 34 -14
5 34 -13
6 34 -11
7 34 -10
8 34 -9
9 34 -9
10 34 -10
11 34 -12
12 34 -14
13 34 -17
14 34 -19
15 34 -21
16 34 -23
17 34 -25
18 34 -27
19 34 -29
20 34 -31
21 34 -33
22 34 -33
23 34 -33
24 34 -33
25 34 -33
26 34 -33
27 34 -33
28 34 -33
29 34 -33
30 34 -33
31 34 -33
32 34 -33
33 34 -33
34 34 -33
35 34 -33
36 34 -33
37 34 -33
38 34 -33
39 34 -33
40 34 -33
41 34 -33
42 34 -33
43 34 -33
44 34 -33
45 34 -33
46 34 -33
47 34 -32
48 34 -31
49 34 -31
0 35 -20
1 35 -18
2 35 -17
3 35 -15
4 35 -14
5 35 -12
6 35 -10
7 35 -8
8 35 -7
9 35 -6
10 35 -8
11 35 -10
12 35 -13
13 35 -16
14 35 -19
15 35 -22
16 35 -24
17 35 -26
18 35 -28
19 35 -29
20 35 -31
21 35 -32
22 35 -33
23 35 -33
24 35 -33
25 35 -33
26 35 -33
27 35 -33
28 35 -33
29 35 -33
30 35 -33
31 35 -33
32 35 -33
33 35 -33
34 35 -33
35 35 -33
36 35 -33
37 35 -33
38 35 -33
39 35 -33
40 35 -33
41 35 -33
42 35 -33
43 35 -33
44 35 -33
45 35 -33
46 35 -33
47 35 -33
48 35 -32
49 35 -32
0 36 -20
1 36 -18
2 36 -17
3 36 -15
4 36 -13
5 36 -11
6 36 -9
7 36 -6
8 36 -4
9 36 -3
10 36 -5
11 36 -8
12 36 -11
13 36 -15
14 36 -19
15 36 -22
16 36 -24
17 36 -26
18 36 -28
19 36 -29
20 36 -31
21 36 -32
22 36 -32
23 36 -32
24 36 -32
25 36 -32
26 36 -33
27 36 -33
28 36 -33
29 36 -33
30 36 -33
31 36 -33
32 36 -33
33 36 -33
34 36 -33
35 36 -33
36 36 -33
37 36 -33
38 36 -33
39 36 -33
40 36 -33
41 36 -33
42 36 -33
43 36 -33
44 36 -33
45 36 -33
46 36 -33
47 36 -33
48 36 -33
49 36 -33
0 37 -20
1 37 -18
2 37 -16
3 37 -15
4 37 -13
5 37 -11
6 37 -8
7 37 -6
8 37 -2
9 37 -1
10 37 -3
11 37 -5
12 37 -8
13 37 -13
14 37 -19
15 37 -22
16 37 -25
17 37 -27
18 37 -28
19 37 -30
20 37 -30
21 37 -31
22 37 -32
23 37 -32
24 37 -32
25 37 -32
26 37 -33
27 37 -33
28 37 -33
29 37 -33
30 37 -33
31 37 -33
32 37 -33
33 37 -33
34 37 -33
35 37 -33
36 37 -33
37 37 -33
38 37 -33
39 37 -33
40 37 -33
41 37 -33
42 37 -33
43 37 -33
44 37 -33
45 37 -33
46 37 -33
47 37 -33
48 37 -33
49 37 -33
0 38 -20
1 38 -18
2 38 -17
3 38 -15
4 38 -13
5 38 -11
6 38 -9
7 38 -6
8 38 -4
9 38 -2
10 38 -3
11 38 -3
12 38 -7
13 38 -14
14 38 -19
15 38 -23
16 38 -26
17 38 -28
18 38 -29
19 38 -30
20 38 -30
21 38 -31
22 38 -32
23 38 -32
24 38 -32
25 38 -32
26 38 -33
27 38 -33
28 38 -33
29 38 -33
30 38 -33
31 38 -33
32 38 -33
33 38 -33
34 38 -33
35 38 -33
36 38 -33
37 38 -33
38 38 -33
39 38 -33
40 38 -33
41 38 -33
42 38 -33
43 38 -33
44 38 -33
45 38 -33
46 38 -33
47 38 -33
48 38 -33
49 38 -33
0 39 -20
1 39 -18
2 39 -17
3 39 -15
4 39 -13
5 39 -12
6 39 -10
7 39 -8
8 39 -6
9 39 -5
10 39 -4
11 39 -4
12 39 -9
13 39 -15
14 39 -20
15 39 -24
16 39 -27
17 39 -29
18 39 -30
19 39 -30
20 39 -31
21 39 -31
22 39 -32
23 39 -32
24 39 -32
25 39 -33
26 39 -33
27 39 -33
28 39 -33
29 39 -33
30 39 -33
31 39 -33
32 39 -33
33 39 -33
34 39 -33
35 39 -33
36 39 -33
37 39 -33
38 39 -33
39 39 -33
40 39 -33
41 39 -33
42 39 -33
43 39 -33
44 39 -33
45 39 -33
46 39 -33
47 39 -33
48 39 -33
49 39 -33
0 40 -20
1 40 -19
2 40 -17
3 40 -16
4 40 -14
5 40 -13
6 40 -11
7 40 -10
8 40 -9
9 40 -7
10 40 -7
11 40 -7
12 40 -11
13 40 -17
14 40 -22
15 40 -25
16 40 -28
17 40 -29
18 40 -30
19 40 -31
20 40 -31
21 40 -31
22 40 -32
23 40 -32
24 40 -32
25 40 -33
26 40 -33
27 40 -33
28 40 -33
29 40 -33
30 40 -33
31 40 -33
32 40 -33
33 40 -33
34 40 -33
35 40 -33
36 40 -33
37 40 -33
38 40 -33
39 40 -33
40 40 -33
41 40 -33
42 40 -33
43 40 -33
44 40 -33
45 40 -33
46 40 -33
47 40 -33
48 40 -33
49 40 -33
0 41 -21
1 41 -19
2 41 -18
3 41 -17
4 41 -15
5 41 -14
6 41 -13
7 41 -12
8 41 -11
9 41 -10
10 41 -10
11 41 -11
12 41 -15
13 41 -19
14 41 -24
15 41 -27
16 41 -29
17 41 -30
18 41 -31
19 41 -31
20 41 -31
21 41 -31
22 41 -32
23 41 -32
24 41 -33
25 41 -33
26 41 -33
27 41 -33
28 41 -33
29 41 -33
30 41 -33
31 41 -33
32 41 -33
33 41 -33
34 41 -33
35 41 -33
36 41 -33
37 41 -33
38 41 -33
39 41 -33
40 41 -33
41 41 -33
42 41 -33
43 41 -33
44 41 -33
45 41 -33
46 41 -33
47 41 -33
48 41 -33
49 41 -33
0 42 -21
1 42 -20
2 42 -19
3 42 -18
4 42 -17
5 42 -16
6 42 -15
7 42 -14
8 42 -14
9 42 -13
10 42 -14
11 42 -15
12 42 -18
13 42 -22
14 42 -25
15 42 -28
16 42 -30
17 42 -31
18 42 -31
19 42 -31
20 42 -31
21 42 -31
22 42 -32
23 42 -32
24 42 -33
25 42 -33
26 42 -33
27 42 -33
28 42 -33
29 42 -33
30 42 -33
31 42 -33
32 42 -33
33 42 -33
34 42 -33
35 42 -33
36 42 -33
37 42 -33
38 42 -33
39 42 -33
40 42 -33
41 42 -33
42 42 -33
43 42 -33
44 42 -33
45 42 -33
46 42 -33
47 42 -33
48 42 -33
49 42 -33
0 43 -22
1 43 -21
2 43 -20
3 43 -19
4 43 -18
5 43 -17
6 43 -16
7 43 -16
8 43 -16
9 43 -16
10 43 -16
11 43 -18
12 43 -20
13 43 -24
14 43 -27
15 43 -29
16 43 -31
17 43 -31
18 43 -31
19 43 -31
20 43 -31
21 43 -32
22 43 -32
23 43 -32
24 43 -33
25 43 -33
26 43 -33
27 43 -33
28 43 -33
29 43 -33
30 43 -33
31 43 -33
32 43 -33
33 43 -33
34 43 -33
35 43 -33
36 43 -33
37 43 -33
38 43 -33
39 43 -33
40 43 -33
41 43 -33
42 43 -33
43 43 -33
44 43 -33
45 43 -33
46 43 -33
47 43 -33
48 43 -33
49 43 -33
0 44 -23
1 44 -22
2 44 -21
3 44 -20
4 44 -19
5 44 -19
6 44 -18
7 44 -18
8 44 -18
9 44 -18
10 44 -19
11 44 -20
12 44 -22
13 44 -25
14 44 -28
15 44 -30
16 44 -31
17 44 -31
18 44 -31
19 44 -31
20 44 -31
21 44 -32
22 44 -32
23 44 -32
24 44 -33
25 44 -33
26 44 -33
27 44 -33
28 44 -33
29 44 -33
30 44 -33
31 44 -33
32 44 -33
33 44 -33
34 44 -33
35 44 -33
36 44 -33
37 44 -33
38 44 -33
39 44 -33
40 44 -33
41 44 -33
42 44 -33
43 44 -33
44 44 -33
45 44 -33
46 44 -33
47 44 -33
48 44 -33
49 44 -33
0 45 -24
1 45 -23
2 45 -22
3 45 -21
4 45 -21
5 45 -20
6 45 -20
7 45 -19
8 45 -20
9 45 -20
10 45 -21
11 45 -22
12 45 -24
13 45 -26
14 45 -28
15 45 -30
16 45 -31
17 45 -31
18 45 -31
19 45 -31
20 45 -32
21 45 -32
22 45 -33
23 45 -33
24 45 -33
25 45 -33
26 45 -33
27 45 -33
28 45 -33
29 45 -33
30 45 -33
31 45 -33
32 45 -33
33 45 -33
34 45 -33
35 45 -33
36 45 -33
37 45 -33
38 45 -33
39 45 -33
40 45 -33
41 45 -33
42 45 -33
43 45 -33
44 45 -33
45 45 -33
46 45 -33
47 45 -33
48 45 -33
49 45 -33
0 46 -25
1 46 -24
2 46 -23
3 46 -22
4 46 -22
5 46 -21
6 46 -21
7 46 -21
8 46 -21
9 46 -22
10 46 -23
11 46 -24
12 46 -25
13 46 -27
14 46 -29
15 46 -30
16 46 -31
17 46 -31
18 46 -31
19 46 -32
20 46 -33
21 46 -33
22 46 -33
23 46 -33
24 46 -33
25 46 -33
26 46 -33
27 46 -33
28 46 -33
29 46 -33
30 46 -33
31 46 -33
32 46 -33
33 46 -33
34 46 -33
35 46 -33
36 46 -33
37 46 -33
38 46 -33
39 46 -33
40 46 -33
41 46 -33
42 46 -33
43 46 -33
44 46 -33
45 46 -33
46 46 -33
47 46 -33
48 46 -33
49 46 -33
0 47 -25
1 47 -25
2 47 -24
3 47 -23
4 47 -23
5 47 -23
6 47 -23
7 47 -23
8 47 -23
9 47 -23
10 47 -24
11 47 -25
12 47 -27
13 47 -28
14 47 -29
15 47 -30
16 47 -31
17 47 -31
18 47 -32
19 47 -32
20 47 -33
21 47 -33
22 47 -33
23 47 -33
24 47 -33
25 47 -33
26 47 -33
27 47 -33
28 47 -33
29 47 -33
30 47 -33
31 47 -33
32 47 -33
33 47 -33
34 47 -33
35 47 -33
36 47 -33
37 47 -33
38 47 -33
39 47 -33
40 47 -33
41 47 -33
42 47 -33
43 47 -33
44 47 -33
45 47 -33
46 47 -33
47 47 -33
48 47 -33
49 47 -33
0 48 -26
1 48 -26
2 48 -25
3 48 -25
4 48 -24
5 48 -24
6 48 -24
7 48 -24
8 48 -24
9 48 -25
10 48 -26
11 48 -26
12 48 -28
13 48 -29
14 48 -30
15 48 -31
16 48 -31
17 48 -32
18 48 -32
19 48 -32
20 48 -32
21 48 -33
22 48 -33
23 48 -33
24 48 -33
25 48 -33
26 48 -33
27 48 -33
28 48 -33
29 48 -33
30 48 -33
31 48 -33
32 48 -33
33 48 -33
34 48 -33
35 48 -33
36 48 -33
37 48 -33
38 48 -33
39 48 -33
40 48 -33
41 48 -33
42 48 -33
43 48 -33
44 48 -33
45 48 -33
46 48 -33
47 48 -33
48 48 -33
49 48 -33
0 49 -27
1 49 -27
2 49 -26
3 49 -26
4 49 -25
5 49 -25
6 49 -25
7 49 -25
8 49 -26
9 49 -26
10 49 -27
11 49 -27
12 49 -28
13 49 -29
14 49 -30
15 49 -31
16 49 -31
17 49 -32
18 49 -32
19 49 -32
20 49 -32
21 49 -32
22 49 -32
23 49 -33
24 49 -33
25 49 -33
26 49 -33
27 49 -33
28 49 -33
29 49 -33
30 49 -33
31 49 -33
32 49 -33
33 49 -33
34 49 -33
35 49 -33
36 49 -33
37 49 -33
38 49 -33
39 49 -33
40 49 -33
41 49 -33
42 49 -33
43 49 -33
44 49 -33
45 49 -33
46 49 -33
47 49 -33
48 49 -33
49 49 -33
