0 0 -32
1 0 -32
2 0 -32
3 0 -33
4 0 -33
5 0 -33
6 0 -33
7 0 -34
8 0 -34
9 0 -34
10 0 -35
11 0 -35
12 0 -36
13 0 -36
14 0 -37
15 0 -38
16 0 -39
17 0 -40
18 0 -40
19 0 -39
20 0 -38
21 0 -37
22 0 -36
23 0 -34
24 0 -33
25 0 -33
26 0 -33
27 0 -34
28 0 -35
29 0 -35
30 0 -36
31 0 -37
32 0 -37
33 0 -38
34 0 -38
35 0 -39
36 0 -39
37 0 -39
38 0 -39
39 0 -39
40 0 -40
41 0 -40
42 0 -40
43 0 -40
44 0 -40
45 0 -40
46 0 -39
47 0 -39
48 0 -39
49 0 -39
0 1 -32
1 1 -32
2 1 -32
3 1 -32
4 1 -32
5 1 -33
6 1 -33
7 1 -33
8 1 -33
9 1 -33
10 1 -34
11 1 -34
12 1 -35
13 1 -36
14 1 -37
15 1 -38
16 1 -40
17 1 -41
18 1 -42
19 1 -41
20 1 -38
21 1 -36
22 1 -34
23 1 -33
24 1 -31
25 1 -31
26 1 -32
27 1 -33
28 1 -34
29 1 -35
30 1 -36
31 1 -37
32 1 -37
33 1 -38
34 1 -38
35 1 -39
36 1 -39
37 1 -39
38 1 -40
39 1 -40
40 1 -40
41 1 -40
42 1 -40
43 1 -40
44 1 -40
45 1 -40
46 1 -40
47 1 -40
48 1 -39
49 1 -39
0 2 -31
1 2 -31
2 2 -31
3 2 -32
4 2 -32
5 2 -32
6 2 -32
7 2 -32
8 2 -32
9 2 -32
10 2 -33
11 2 -33
12 2 -34
13 2 -35
14 2 -36
15 2 -38
16 2 -41
17 2 -44
18 2 -45
19 2 -43
20 2 -39
21 2 -35
22 2 -31
23 2 -29
24 2 -29
25 2 -29
26 2 -31
27 2 -32
28 2 -34
29 2 -35
30 2 -36
31 2 -37
32 2 -37
33 2 -38
34 2 -39
35 2 -39
36 2 -39
37 2 -40
38 2 -40
39 2 -40
40 2 -40
41 2 -40
42 2 -40
43 2 -40
44 2 -40
45 2 -40
46 2 -40
47 2 -40
48 2 -40
49 2 -40
0 3 -31
1 3 -31
2 3 -31
3 3 -31
4 3 -31
5 3 -31
6 3 -31
7 3 -31
8 3 -31
9 3 -31
10 3 -32
11 3 -32
12 3 -33
13 3 -34
14 3 -35
15 3 -38
16 3 -42
17 3 -47
18 3 -49
19 3 -46
20 3 -39
21 3 -33
22 3 -28
23 3 -24
24 3 -22
25 3 -24
26 3 -29
27 3 -32
28 3 -33
29 3 -35
30 3 -36
31 3 -37
32 3 -38
33 3 -38
34 3 -39
35 3 -39
36 3 -40
37 3 -40
38 3 -40
39 3 -40
40 3 -40
41 3 -40
42 3 -40
43 3 -40
44 3 -40
45 3 -40
46 3 -40
47 3 -40
48 3 -40
49 3 -40
0 4 -31
1 4 -30
2 4 -30
3 4 -30
4 4 -30
5 4 -30
6 4 -30
7 4 -30
8 4 -30
9 4 -30
10 4 -31
11 4 -31
12 4 -32
13 4 -33
14 4 -34
15 4 -36
16 4 -41
17 4 -48
18 4 -50
19 4 -46
20 4 -37
21 4 -32
22 4 -26
23 4 -20
24 4 -17
25 4 -24
26 4 -28
27 4 -31
28 4 -33
29 4 -35
30 4 -36
31 4 -37
32 4 -38
33 4 -39
34 4 -39
35 4 -40
36 4 -40
37 4 -41
38 4 -41
39 4 -41
40 4 -41
41 4 -41
42 4 -41
43 4 -40
44 4 -40
45 4 -40
46 4 -40
47 4 -40
48 4 -40
49 4 -40
0 5 -30
1 5 -30
2 5 -29
3 5 -29
4 5 -29
5 5 -29
6 5 -28
7 5 -28
8 5 -29
9 5 -29
10 5 -30
11 5 -30
12 5 -31
13 5 -31
14 5 -32
15 5 -33
16 5 -36
17 5 -42
18 5 -47
19 5 -39
20 5 -33
21 5 -31
22 5 -26
23 5 -19
24 5 -17
25 5 -24
26 5 -28
27 5 -31
28 5 -33
29 5 -35
30 5 -36
31 5 -37
32 5 -38
33 5 -39
34 5 -40
35 5 -40
36 5 -41
37 5 -41
38 5 -42
39 5 -42
40 5 -41
41 5 -41
42 5 -41
43 5 -41
44 5 -40
45 5 -40
46 5 -40
47 5 -40
48 5 -40
49 5 -40
0 6 -29
1 6 -29
2 6 -29
3 6 -28
4 6 -28
5 6 -27
6 6 -27
7 6 -27
8 6 -27
9 6 -27
10 6 -28
11 6 -29
12 6 -29
13 6 -30
14 6 -30
15 6 -30
16 6 -30
17 6 -33
18 6 -36
19 6 -32
20 6 -30
21 6 -30
22 6 -27
23 6 -22
24 6 -21
25 6 -26
26 6 -29
27 6 -32
28 6 -34
29 6 -35
30 6 -37
31 6 -38
32 6 -39
33 6 -39
34 6 -40
35 6 -41
36 6 -42
37 6 -42
38 6 -42
39 6 -40
40 6 -41
41 6 -42
42 6 -41
43 6 -41
44 6 -41
45 6 -40
46 6 -40
47 6 -40
48 6 -40
49 6 -40
0 7 -29
1 7 -28
2 7 -28
3 7 -27
4 7 -26
5 7 -26
6 7 -25
7 7 -25
8 7 -25
9 7 -26
10 7 -26
11 7 -27
12 7 -28
13 7 -28
14 7 -28
15 7 -27
16 7 -25
17 7 -26
18 7 -29
19 7 -29
20 7 -29
21 7 -29
22 7 -28
23 7 -25
24 7 -25
25 7 -28
26 7 -30
27 7 -32
28 7 -34
29 7 -36
30 7 -37
31 7 -38
32 7 -39
33 7 -39
34 7 -40
35 7 -41
36 7 -43
37 7 -43
38 7 -43
39 7 -41
40 7 -41
41 7 -42
42 7 -41
43 7 -41
44 7 -41
45 7 -41
46 7 -40
47 7 -40
48 7 -40
49 7 -40
0 8 -28
1 8 -28
2 8 -27
3 8 -26
4 8 -25
5 8 -24
6 8 -23
7 8 -23
8 8 -23
9 8 -23
10 8 -24
11 8 -26
12 8 -26
13 8 -27
14 8 -27
15 8 -26
16 8 -24
17 8 -24
18 8 -27
19 8 -29
20 8 -29
21 8 -29
22 8 -28
23 8 -27
24 8 -26
25 8 -28
26 8 -30
27 8 -33
28 8 -34
29 8 -36
30 8 -37
31 8 -39
32 8 -38
33 8 -35
34 8 -37
35 8 -41
36 8 -44
37 8 -45
38 8 -45
39 8 -44
40 8 -43
41 8 -42
42 8 -42
43 8 -41
44 8 -41
45 8 -41
46 8 -41
47 8 -40
48 8 -40
49 8 -40
0 9 -28
1 9 -27
2 9 -26
3 9 -25
4 9 -24
5 9 -23
6 9 -21
7 9 -20
8 9 -20
9 9 -17
10 9 -22
11 9 -24
12 9 -25
13 9 -25
14 9 -25
15 9 -24
16 9 -24
17 9 -25
18 9 -27
19 9 -28
20 9 -29
21 9 -29
22 9 -28
23 9 -26
24 9 -24
25 9 -25
26 9 -28
27 9 -32
28 9 -34
29 9 -36
30 9 -38
31 9 -38
32 9 -35
33 9 -32
34 9 -36
35 9 -40
36 9 -43
37 9 -45
38 9 -46
39 9 -45
40 9 -43
41 9 -42
42 9 -42
43 9 -41
44 9 -41
45 9 -41
46 9 -41
47 9 -41
48 9 -40
49 9 -40
0 10 -27
1 10 -26
2 10 -25
3 10 -24
4 10 -22
5 10 -21
6 10 -19
7 10 -17
8 10 -16
9 10 -16
10 10 -19
11 10 -22
12 10 -23
13 10 -24
14 10 -23
15 10 -21
16 10 -21
17 10 -23
18 10 -25
19 10 -27
20 10 -28
21 10 -28
22 10 -27
23 10 -24
24 10 -21
25 10 -21
26 10 -25
27 10 -31
28 10 -35
29 10 -37
30 10 -38
31 10 -37
32 10 -35
33 10 -34
34 10 -36
35 10 -40
36 10 -43
37 10 -44
38 10 -45
39 10 -45
40 10 -43
41 10 -42
42 10 -42
43 10 -41
44 10 -41
45 10 -41
46 10 -41
47 10 -41
48 10 -40
49 10 -40
0 11 -27
1 11 -26
2 11 -25
3 11 -23
4 11 -21
5 11 -19
6 11 -16
7 11 -14
8 11 -12
9 11 -13
10 11 -16
11 11 -20
12 11 -22
13 11 -22
14 11 -21
15 11 -18
16 11 -17
17 11 -19
18 11 -24
19 11 -27
20 11 -28
21 11 -28
22 11 -27
23 11 -24
24 11 -20
25 11 -21
26 11 -25
27 11 -31
28 11 -34
29 11 -36
30 11 -36
31 11 -37
32 11 -36
33 11 -36
34 11 -37
35 11 -40
36 11 -42
37 11 -43
38 11 -43
39 11 -43
40 11 -43
41 11 -42
42 11 -42
43 11 -41
44 11 -41
45 11 -41
46 11 -41
47 11 -41
48 11 -41
49 11 -40
0 12 -26
1 12 -25
2 12 -24
3 12 -22
4 12 -20
5 12 -18
6 12 -14
7 12 -11
8 12 -8
9 12 -9
10 12 -13
11 12 -18
12 12 -21
13 12 -22
14 12 -20
15 12 -17
16 12 -14
17 12 -17
18 12 -23
19 12 -26
20 12 -28
21 12 -28
22 12 -27
23 12 -25
24 12 -23
25 12 -24
26 12 -28
27 12 -32
28 12 -34
29 12 -35
30 12 -36
31 12 -36
32 12 -36
33 12 -37
34 12 -37
35 12 -39
36 12 -40
37 12 -41
38 12 -41
39 12 -41
40 12 -42
41 12 -42
42 12 -42
43 12 -41
44 12 -41
45 12 -41
46 12 -41
47 12 -41
48 12 -41
49 12 -40
0 13 -26
1 13 -25
2 13 -24
3 13 -22
4 13 -20
5 13 -17
6 13 -13
7 13 -9
8 13 -5
9 13 -6
10 13 -11
11 13 -17
12 13 -20
13 13 -21
14 13 -20
15 13 -18
16 13 -16
17 13 -19
18 13 -23
19 13 -26
20 13 -28
21 13 -28
22 13 -28
23 13 -27
24 13 -27
25 13 -28
26 13 -30
27 13 -32
28 13 -34
29 13 -34
30 13 -35
31 13 -36
32 13 -36
33 13 -36
34 13 -36
35 13 -37
36 13 -38
37 13 -40
38 13 -39
39 13 -39
40 13 -41
41 13 -42
42 13 -41
43 13 -41
44 13 -41
45 13 -41
46 13 -41
47 13 -41
48 13 -41
49 13 -41
0 14 -26
1 14 -25
2 14 -23
3 14 -22
4 14 -20
5 14 -17
6 14 -13
7 14 -9
8 14 -6
9 14 -7
10 14 -12
11 14 -17
12 14 -20
13 14 -22
14 14 -21
15 14 -20
16 14 -20
17 14 -21
18 14 -24
19 14 -26
20 14 -28
21 14 -29
22 14 -29
23 14 -29
24 14 -29
25 14 -30
26 14 -32
27 14 -33
28 14 -34
29 14 -34
30 14 -35
31 14 -35
32 14 -36
33 14 -36
34 14 -34
35 14 -34
36 14 -36
37 14 -38
38 14 -39
39 14 -39
40 14 -40
41 14 -41
42 14 -41
43 14 -41
44 14 -41
45 14 -41
46 14 -41
47 14 -41
48 14 -41
49 14 -41
0 15 -26
1 15 -24
2 15 -23
3 15 -22
4 15 -20
5 15 -18
6 15 -15
7 15 -12
8 15 -9
9 15 -10
10 15 -14
11 15 -18
12 15 -21
13 15 -22
14 15 -23
15 15 -22
16 15 -23
17 15 -24
18 15 -25
19 15 -27
20 15 -28
21 15 -29
22 15 -30
23 15 -30
24 15 -31
25 15 -32
26 15 -33
27 15 -33
28 15 -33
29 15 -34
30 15 -34
31 15 -35
32 15 -35
33 15 -35
34 15 -33
35 15 -32
36 15 -35
37 15 -38
38 15 -39
39 15 -40
40 15 -40
41 15 -41
42 15 -41
43 15 -41
44 15 -41
45 15 -41
46 15 -41
47 15 -41
48 15 -41
49 15 -40
0 16 -25
1 16 -24
2 16 -23
3 16 -22
4 16 -21
5 16 -19
6 16 -16
7 16 -15
8 16 -13
9 16 -14
10 16 -16
11 16 -19
12 16 -21
13 16 -23
14 16 -23
15 16 -24
16 16 -24
17 16 -25
18 16 -27
19 16 -28
20 16 -29
21 16 -30
22 16 -31
23 16 -31
24 16 -32
25 16 -32
26 16 -33
27 16 -34
28 16 -34
29 16 -34
30 16 -34
31 16 -35
32 16 -35
33 16 -35
34 16 -34
35 16 -33
36 16 -35
37 16 -38
38 16 -39
39 16 -40
40 16 -40
41 16 -41
42 16 -41
43 16 -41
44 16 -41
45 16 -41
46 16 -41
47 16 -41
48 16 -41
49 16 -40
0 17 -25
1 17 -24
2 17 -23
3 17 -22
4 17 -21
5 17 -20
6 17 -18
7 17 -17
8 17 -16
9 17 -17
10 17 -19
11 17 -21
12 17 -22
13 17 -23
14 17 -24
15 17 -25
16 17 -26
17 17 -26
18 17 -27
19 17 -28
20 17 -29
21 17 -30
22 17 -31
23 17 -32
24 17 -32
25 17 -33
26 17 -34
27 17 -34
28 17 -34
29 17 -34
30 17 -34
31 17 -34
32 17 -34
33 17 -35
34 17 -35
35 17 -36
36 17 -37
37 17 -38
38 17 -39
39 17 -40
40 17 -40
41 17 -41
42 17 -41
43 17 -41
44 17 -41
45 17 -41
46 17 -41
47 17 -40
48 17 -40
49 17 -40
0 18 -25
1 18 -24
2 18 -24
3 18 -23
4 18 -22
5 18 -21
6 18 -20
7 18 -19
8 18 -19
9 18 -19
10 18 -20
11 18 -22
12 18 -23
13 18 -24
14 18 -25
15 18 -26
16 18 -26
17 18 -27
18 18 -28
19 18 -29
20 18 -30
21 18 -31
22 18 -31
23 18 -32
24 18 -33
25 18 -33
26 18 -34
27 18 -34
28 18 -35
29 18 -35
30 18 -34
31 18 -33
32 18 -33
33 18 -35
34 18 -36
35 18 -37
36 18 -38
37 18 -39
38 18 -39
39 18 -40
40 18 -40
41 18 -41
42 18 -41
43 18 -41
44 18 -40
45 18 -40
46 18 -40
47 18 -40
48 18 -40
49 18 -40
0 19 -25
1 19 -24
2 19 -24
3 19 -23
4 19 -22
5 19 -22
6 19 -21
7 19 -21
8 19 -20
9 19 -21
10 19 -22
11 19 -22
12 19 -23
13 19 -24
14 19 -25
15 19 -26
16 19 -27
17 19 -28
18 19 -28
19 19 -29
20 19 -30
21 19 -31
22 19 -32
23 19 -32
24 19 -33
25 19 -34
26 19 -34
27 19 -35
28 19 -35
29 19 -35
30 19 -34
31 19 -33
32 19 -33
33 19 -35
34 19 -37
35 19 -39
36 19 -40
37 19 -40
38 19 -40
39 19 -40
40 19 -40
41 19 -40
42 19 -40
43 19 -40
44 19 -39
45 19 -40
46 19 -40
47 19 -40
48 19 -40
49 19 -40
0 20 -25
1 20 -24
2 20 -24
3 20 -23
4 20 -23
5 20 -22
6 20 -22
7 20 -21
8 20 -21
9 20 -22
10 20 -22
11 20 -23
12 20 -24
13 20 -24
14 20 -25
15 20 -26
16 20 -27
17 20 -28
18 20 -29
19 20 -29
20 20 -30
21 20 -31
22 20 -32
23 20 -33
24 20 -33
25 20 -34
26 20 -35
27 20 -36
28 20 -36
29 20 -36
30 20 -35
31 20 -34
32 20 -34
33 20 -36
34 20 -38
35 20 -40
36 20 -40
37 20 -41
38 20 -41
39 20 -40
40 20 -40
41 20 -40
42 20 -40
43 20 -39
44 20 -39
45 20 -39
46 20 -39
47 20 -39
48 20 -39
49 20 -39
0 21 -25
1 21 -24
2 21 -24
3 21 -23
4 21 -23
5 21 -22
6 21 -22
7 21 -22
8 21 -22
9 21 -22
10 21 -22
11 21 -23
12 21 -23
13 21 -24
14 21 -25
15 21 -26
16 21 -27
17 21 -28
18 21 -29
19 21 -29
20 21 -30
21 21 -31
22 21 -32
23 21 -33
24 21 -33
25 21 -34
26 21 -35
27 21 -36
28 21 -37
29 21 -37
30 21 -37
31 21 -36
32 21 -36
33 21 -37
34 21 -39
35 21 -40
36 21 -40
37 21 -41
38 21 -41
39 21 -40
40 21 -40
41 21 -40
42 21 -39
43 21 -39
44 21 -38
45 21 -39
46 21 -39
47 21 -39
48 21 -39
49 21 -39
0 22 -24
1 22 -24
2 22 -23
3 22 -23
4 22 -22
5 22 -22
6 22 -22
7 22 -21
8 22 -21
9 22 -21
10 22 -22
11 22 -22
12 22 -23
13 22 -24
14 22 -25
15 22 -26
16 22 -27
17 22 -27
18 22 -28
19 22 -29
20 22 -30
21 22 -31
22 22 -32
23 22 -33
24 22 -33
25 22 -34
26 22 -35
27 22 -36
28 22 -36
29 22 -37
30 22 -37
31 22 -37
32 22 -37
33 22 -38
34 22 -39
35 22 -40
36 22 -41
37 22 -41
38 22 -41
39 22 -41
40 22 -40
41 22 -40
42 22 -40
43 22 -39
44 22 -39
45 22 -39
46 22 -39
47 22 -39
48 22 -39
49 22 -39
0 23 -24
1 23 -24
2 23 -23
3 23 -23
4 23 -22
5 23 -22
6 23 -21
7 23 -21
8 23 -21
9 23 -21
10 23 -21
11 23 -21
12 23 -22
13 23 -23
14 23 -24
15 23 -25
16 23 -26
17 23 -27
18 23 -28
19 23 -29
20 23 -30
21 23 -31
22 23 -32
23 23 -33
24 23 -33
25 23 -34
26 23 -35
27 23 -36
28 23 -36
29 23 -37
30 23 -37
31 23 -38
32 23 -38
33 23 -38
34 23 -39
35 23 -40
36 23 -41
37 23 -42
38 23 -41
39 23 -41
40 23 -41
41 23 -40
42 23 -40
43 23 -40
44 23 -39
45 23 -39
46 23 -39
47 23 -39
48 23 -39
49 23 -39
0 24 -24
1 24 -23
2 24 -23
3 24 -22
4 24 -22
5 24 -21
6 24 -21
7 24 -20
8 24 -20
9 24 -19
10 24 -20
11 24 -20
12 24 -21
13 24 -22
14 24 -23
15 24 -24
16 24 -25
17 24 -27
18 24 -28
19 24 -29
20 24 -30
21 24 -31
22 24 -32
23 24 -33
24 24 -33
25 24 -34
26 24 -35
27 24 -35
28 24 -36
29 24 -36
30 24 -37
31 24 -38
32 24 -38
33 24 -38
34 24 -39
35 24 -41
36 24 -41
37 24 -41
38 24 -41
39 24 -41
40 24 -41
41 24 -41
42 24 -40
43 24 -40
44 24 -40
45 24 -39
46 24 -39
47 24 -39
48 24 -39
49 24 -39
0 25 -24
1 25 -23
2 25 -23
3 25 -22
4 25 -21
5 25 -20
6 25 -20
7 25 -19
8 25 -18
9 25 -18
10 25 -18
11 25 -18
12 25 -19
13 25 -21
14 25 -22
15 25 -23
16 25 -24
17 25 -26
18 25 -27
19 25 -29
20 25 -30
21 25 -31
22 25 -32
23 25 -32
24 25 -33
25 25 -33
26 25 -34
27 25 -35
28 25 -35
29 25 -36
30 25 -37
31 25 -37
32 25 -37
33 25 -38
34 25 -39
35 25 -39
36 25 -40
37 25 -40
38 25 -40
39 25 -42
40 25 -42
41 25 -42
42 25 -41
43 25 -40
44 25 -40
45 25 -39
46 25 -39
47 25 -39
48 25 -39
49 25 -38
0 26 -24
1 26 -23
2 26 -22
3 26 -21
4 26 -21
5 26 -20
6 26 -19
7 26 -17
8 26 -16
9 26 -15
10 26 -15
11 26 -16
12 26 -17
13 26 -19
14 26 -21
15 26 -22
16 26 -23
17 26 -25
18 26 -27
19 26 -28
20 26 -30
21 26 -31
22 26 -32
23 26 -32
24 26 -33
25 26 -33
26 26 -33
27 26 -34
28 26 -35
29 26 -36
30 26 -37
31 26 -37
32 26 -37
33 26 -37
34 26 -38
35 26 -38
36 26 -39
37 26 -39
38 26 -40
39 26 -42
40 26 -44
41 26 -43
42 26 -41
43 26 -40
44 26 -40
45 26 -39
46 26 -39
47 26 -39
48 26 -38
49 26 -38
0 27 -23
1 27 -22
2 27 -22
3 27 -21
4 27 -20
5 27 -19
6 27 -18
7 27 -16
8 27 -14
9 27 -12
10 27 -11
11 27 -13
12 27 -15
13 27 -18
14 27 -19
15 27 -20
16 27 -22
17 27 -24
18 27 -26
19 27 -28
20 27 -30
21 27 -31
22 27 -32
23 27 -32
24 27 -32
25 27 -32
26 27 -32
27 27 -33
28 27 -34
29 27 -35
30 27 -35
31 27 -36
32 27 -36
33 27 -37
34 27 -37
35 27 -38
36 27 -38
37 27 -38
38 27 -39
39 27 -41
40 27 -43
41 27 -42
42 27 -41
43 27 -40
44 27 -39
45 27 -39
46 27 -39
47 27 -38
48 27 -38
49 27 -37
0 28 -23
1 28 -22
2 28 -21
3 28 -20
4 28 -19
5 28 -18
6 28 -17
7 28 -15
8 28 -12
9 28 -9
10 28 -8
11 28 -9
12 28 -13
13 28 -17
14 28 -18
15 28 -19
16 28 -20
17 28 -22
18 28 -25
19 28 -28
20 28 -30
21 28 -31
22 28 -32
23 28 -32
24 28 -32
25 28 -32
26 28 -32
27 28 -32
28 28 -33
29 28 -34
30 28 -35
31 28 -35
32 28 -36
33 28 -36
34 28 -37
35 28 -37
36 28 -37
37 28 -37
38 28 -38
39 28 -40
40 28 -41
41 28 -41
42 28 -40
43 28 -40
44 28 -39
45 28 -39
46 28 -38
47 28 -38
48 28 -37
49 28 -37
0 29 -22
1 29 -22
2 29 -21
3 29 -20
4 29 -19
5 29 -17
6 29 -16
7 29 -14
8 29 -11
9 29 -7
10 29 -4
11 29 -6
12 29 -11
13 29 -16
14 29 -17
15 29 -17
16 29 -18
17 29 -21
18 29 -25
19 29 -28
20 29 -30
21 29 -32
22 29 -33
23 29 -33
24 29 -32
25 29 -32
26 29 -31
27 29 -32
28 29 -33
29 29 -34
30 29 -34
31 29 -35
32 29 -35
33 29 -36
34 29 -37
35 29 -37
36 29 -37
37 29 -37
38 29 -37
39 29 -38
40 29 -40
41 29 -40
42 29 -40
43 29 -39
44 29 -39
45 29 -38
46 29 -37
47 29 -37
48 29 -36
49 29 -36
0 30 -22
1 30 -21
2 30 -20
3 30 -19
4 30 -18
5 30 -17
6 30 -15
7 30 -13
8 30 -11
9 30 -7
10 30 -4
11 30 -6
12 30 -11
13 30 -16
14 30 -17
15 30 -16
16 30 -18
17 30 -21
18 30 -25
19 30 -28
20 30 -31
21 30 -33
22 30 -34
23 30 -33
24 30 -33
25 30 -31
26 30 -30
27 30 -31
28 30 -32
29 30 -33
30 30 -34
31 30 -34
32 30 -35
33 30 -35
34 30 -36
35 30 -37
36 30 -37
37 30 -37
38 30 -37
39 30 -38
40 30 -39
41 30 -39
42 30 -39
43 30 -39
44 30 -38
45 30 -37
46 30 -37
47 30 -36
48 30 -35
49 30 -35
0 31 -22
1 31 -20
2 31 -19
3 31 -18
4 31 -17
5 31 -16
6 31 -15
7 31 -13
8 31 -11
9 31 -9
10 31 -7
11 31 -8
12 31 -11
13 31 -15
14 31 -18
15 31 -18
16 31 -19
17 31 -22
18 31 -25
19 31 -29
20 31 -32
21 31 -34
22 31 -35
23 31 -35
24 31 -33
25 31 -31
26 31 -30
27 31 -31
28 31 -32
29 31 -33
30 31 -34
31 31 -34
32 31 -34
33 31 -35
34 31 -36
35 31 -36
36 31 -37
37 31 -37
38 31 -37
39 31 -38
40 31 -38
41 31 -38
42 31 -38
43 31 -38
44 31 -37
45 31 -37
46 31 -36
47 31 -35
48 31 -34
49 31 -34
0 32 -21
1 32 -20
2 32 -19
3 32 -17
4 32 -16
5 32 -15
6 32 -14
7 32 -13
8 32 -12
9 32 -11
10 32 -10
11 32 -10
12 32 -12
13 32 -16
14 32 -18
15 32 -19
16 32 -21
17 32 -23
18 32 -26
19 32 -29
20 32 -32
21 32 -34
22 32 -35
23 32 -35
24 32 -33
25 32 -32
26 32 -31
27 32 -32
28 32 -32
29 32 -33
30 32 -33
31 32 -33
32 32 -34
33 32 -35
34 32 -35
35 32 -36
36 32 -37
37 32 -37
38 32 -37
39 32 -38
40 32 -38
41 32 -38
42 32 -38
43 32 -37
44 32 -37
45 32 -36
46 32 -35
47 32 -33
48 32 -32
49 32 -32
0 33 -21
1 33 -19
2 33 -18
3 33 -17
4 33 -15
5 33 -14
6 33 -13
7 33 -12
8 33 -11
9 33 -11
10 33 -11
11 33 -12
12 33 -14
13 33 -17
14 33 -19
15 33 -20
16 33 -22
17 33 -24
18 33 -27
19 33 -29
20 33 -32
21 33 -34
22 33 -36
23 33 -35
24 33 -33
25 33 -33
26 33 -32
27 33 -32
28 33 -33
29 33 -33
30 33 -33
31 33 -33
32 33 -34
33 33 -34
34 33 -35
35 33 -36
36 33 -36
37 33 -37
38 33 -37
39 33 -37
40 33 -37
41 33 -37
42 33 -37
43 33 -37
44 33 -36
45 33 -35
46 33 -34
47 33 -32
48 33 -31
49 33 -31
0 34 -20
1 34 -19
2 34 -17
3 34 -16
4 34 -14
5 34 -13
6 34 -11
7 34 -10
8 34 -9
9 34 -9
10 34 -10
11 34 -12
12 34 -14
13 34 -17
14 34 -19
15 34 -21
16 34 -23
17 34 -25
18 34 -27
19 34 -29
20 34 -31
21 34 -33
22 34 -34
23 34 -34
24 34 -33
25 34 -33
26 34 -33
27 34 -33
28 34 -33
29 34 -33
30 34 -33
31 34 -33
32 34 -34
33 34 -34
34 34 -35
35 34 -35
36 34 -36
37 34 -36
38 34 -37
39 34 -37
40 34 -37
41 34 -37
42 34 -37
43 34 -37
44 34 -36
45 34 -35
46 34 -34
47 34 -32
48 34 -31
49 34 -31
0 35 -20
1 35 -18
2 35 -17
3 35 -15
4 35 -14
5 35 -12
6 35 -10
7 35 -8
8 35 -7
9 35 -6
10 35 -8
11 35 -10
12 35 -13
13 35 -16
14 35 -19
15 35 -22
16 35 -24
17 35 -26
18 35 -28
19 35 -29
20 35 -31
21 35 -32
22 35 -33
23 35 -33
24 35 -33
25 35 -33
26 35 -33
27 35 -33
28 35 -33
29 35 -34
30 35 -34
31 35 -34
32 35 -34
33 35 -34
34 35 -35
35 35 -35
36 35 -36
37 35 -36
38 35 -36
39 35 -37
40 35 -37
41 35 -37
42 35 -37
43 35 -36
44 35 -36
45 35 -35
46 35 -34
47 35 -33
48 35 -32
49 35 -32
0 36 -20
1 36 -18
2 36 -17
3 36 -15
4 36 -13
5 36 -11
6 36 -9
7 36 -6
8 36 -4
9 36 -3
10 36 -5
11 36 -8
12 36 -11
13 36 -15
14 36 -19
15 36 -22
16 36 -24
17 36 -26
18 36 -28
19 36 -29
20 36 -31
21 36 -32
22 36 -32
23 36 -32
24 36 -32
25 36 -32
26 36 -33
27 36 -33
28 36 -34
29 36 -34
30 36 -34
31 36 -34
32 36 -34
33 36 -34
34 36 -35
35 36 -35
36 36 -35
37 36 -36
38 36 -36
39 36 -36
40 36 -36
41 36 -37
42 36 -36
43 36 -36
44 36 -36
45 36 -35
46 36 -34
47 36 -33
48 36 -33
49 36 -33
0 37 -20
1 37 -18
2 37 -16
3 37 -15
4 37 -13
5 37 -11
6 37 -8
7 37 -6
8 37 -2
9 37 -1
10 37 -3
11 37 -5
12 37 -8
13 37 -13
14 37 -19
15 37 -22
16 37 -25
17 37 -27
18 37 -28
19 37 -30
20 37 -30
21 37 -31
22 37 -32
23 37 -32
24 37 -32
25 37 -32
26 37 -33
27 37 -33
28 37 -34
29 37 -34
30 37 -34
31 37 -34
32 37 -34
33 37 -34
34 37 -35
35 37 -35
36 37 -35
37 37 -36
38 37 -36
39 37 -36
40 37 -36
41 37 -36
42 37 -36
43 37 -36
44 37 -36
45 37 -35
46 37 -35
47 37 -34
48 37 -34
49 37 -33
0 38 -20
1 38 -18
2 38 -17
3 38 -15
4 38 -13
5 38 -11
6 38 -9
7 38 -6
8 38 -4
9 38 -2
10 38 -3
11 38 -3
12 38 -7
13 38 -14
14 38 -19
15 38 -23
16 38 -26
17 38 -28
18 38 -29
19 38 -30
20 38 -30
21 38 -31
22 38 -32
23 38 -32
24 38 -32
25 38 -32
26 38 -33
27 38 -34
28 38 -34
29 38 -35
30 38 -34
31 38 -34
32 38 -34
33 38 -34
34 38 -35
35 38 -35
36 38 -35
37 38 -35
38 38 -36
39 38 -36
40 38 -36
41 38 -36
42 38 -36
43 38 -36
44 38 -36
45 38 -35
46 38 -35
47 38 -35
48 38 -34
49 38 -34
0 39 -20
1 39 -18
2 39 -17
3 39 -15
4 39 -13
5 39 -12
6 39 -10
7 39 -8
8 39 -6
9 39 -5
10 39 -4
11 39 -4
12 39 -9
13 39 -15
14 39 -20
15 39 -24
16 39 -27
17 39 -29
18 39 -30
19 39 -30
20 39 -31
21 39 -31
22 39 -32
23 39 -32
24 39 -32
25 39 -33
26 39 -33
27 39 -34
28 39 -35
29 39 -35
30 39 -35
31 39 -34
32 39 -34
33 39 -34
34 39 -35
35 39 -35
36 39 -35
37 39 -35
38 39 -36
39 39 -36
40 39 -36
41 39 -36
42 39 -36
43 39 -36
44 39 -36
45 39 -36
46 39 -35
47 39 -35
48 39 -35
49 39 -35
0 40 -20
1 40 -19
2 40 -17
3 40 -16
4 40 -14
5 40 -13
6 40 -11
7 40 -10
8 40 -9
9 40 -7
10 40 -7
11 40 -7
12 40 -11
13 40 -17
14 40 -22
15 40 -25
16 40 -28
17 40 -29
18 40 -30
19 40 -31
20 40 -31
21 40 -31
22 40 -32
23 40 -32
24 40 -32
25 40 -33
26 40 -33
27 40 -34
28 40 -35
29 40 -35
30 40 -35
31 40 -34
32 40 -34
33 40 -34
34 40 -35
35 40 -35
36 40 -35
37 40 -35
38 40 -35
39 40 -36
40 40 -36
41 40 -36
42 40 -36
43 40 -36
44 40 -36
45 40 -36
46 40 -36
47 40 -35
48 40 -35
49 40 -35
0 41 -21
1 41 -19
2 41 -18
3 41 -17
4 41 -15
5 41 -14
6 41 -13
7 41 -12
8 41 -11
9 41 -10
10 41 -10
11 41 -11
12 41 -15
13 41 -19
14 41 -24
15 41 -27
16 41 -29
17 41 -30
18 41 -31
19 41 -31
20 41 -31
21 41 -31
22 41 -32
23 41 -32
24 41 -33
25 41 -33
26 41 -34
27 41 -34
28 41 -34
29 41 -34
30 41 -34
31 41 -34
32 41 -34
33 41 -34
34 41 -34
35 41 -35
36 41 -35
37 41 -35
38 41 -35
39 41 -35
40 41 -36
41 41 -36
42 41 -36
43 41 -36
44 41 -36
45 41 -36
46 41 -36
47 41 -36
48 41 -36
49 41 -35
0 42 -21
1 42 -20
2 42 -19
3 42 -18
4 42 -17
5 42 -16
6 42 -15
7 42 -14
8 42 -14
9 42 -13
10 42 -14
11 42 -15
12 42 -18
13 42 -22
14 42 -25
15 42 -28
16 42 -30
17 42 -31
18 42 -31
19 42 -31
20 42 -31
21 42 -31
22 42 -32
23 42 -32
24 42 -33
25 42 -33
26 42 -34
27 42 -35
28 42 -35
29 42 -34
30 42 -34
31 42 -34
32 42 -34
33 42 -34
34 42 -34
35 42 -35
36 42 -35
37 42 -35
38 42 -35
39 42 -35
40 42 -36
41 42 -36
42 42 -36
43 42 -36
44 42 -36
45 42 -36
46 42 -36
47 42 -36
48 42 -36
49 42 -36
0 43 -22
1 43 -21
2 43 -20
3 43 -19
4 43 -18
5 43 -17
6 43 -16
7 43 -16
8 43 -16
9 43 -16
10 43 -16
11 43 -18
12 43 -20
13 43 -24
14 43 -27
15 43 -29
16 43 -31
17 43 -31
18 43 -31
19 43 -31
20 43 -31
21 43 -32
22 43 -32
23 43 -32
24 43 -33
25 43 -34
26 43 -35
27 43 -35
28 43 -35
29 43 -34
30 43 -34
31 43 -34
32 43 -34
33 43 -34
34 43 -35
35 43 -35
36 43 -35
37 43 -35
38 43 -35
39 43 -35
40 43 -36
41 43 -36
42 43 -36
43 43 -36
44 43 -36
45 43 -36
46 43 -36
47 43 -36
48 43 -36
49 43 -36
0 44 -23
1 44 -22
2 44 -21
3 44 -20
4 44 -19
5 44 -19
6 44 -18
7 44 -18
8 44 -18
9 44 -18
10 44 -19
11 44 -20
12 44 -22
13 44 -25
14 44 -28
15 44 -30
16 44 -31
17 44 -31
18 44 -31
19 44 -31
20 44 -31
21 44 -32
22 44 -32
23 44 -32
24 44 -33
25 44 -34
26 44 -35
27 44 -35
28 44 -35
29 44 -34
30 44 -34
31 44 -34
32 44 -34
33 44 -34
34 44 -35
35 44 -35
36 44 -35
37 44 -35
38 44 -35
39 44 -35
40 44 -36
41 44 -36
42 44 -36
43 44 -36
44 44 -36
45 44 -36
46 44 -36
47 44 -36
48 44 -36
49 44 -36
0 45 -24
1 45 -23
2 45 -22
3 45 -21
4 45 -21
5 45 -20
6 45 -20
7 45 -19
8 45 -20
9 45 -20
10 45 -21
11 45 -22
12 45 -24
13 45 -26
14 45 -28
15 45 -30
16 45 -31
17 45 -31
18 45 -31
19 45 -31
20 45 -32
21 45 -32
22 45 -33
23 45 -33
24 45 -33
25 45 -33
26 45 -34
27 45 -35
28 45 -35
29 45 -34
30 45 -34
31 45 -34
32 45 -34
33 45 -34
34 45 -35
35 45 -35
36 45 -35
37 45 -35
38 45 -35
39 45 -36
40 45 -36
41 45 -36
42 45 -36
43 45 -36
44 45 -36
45 45 -36
46 45 -36
47 45 -36
48 45 -36
49 45 -36
0 46 -25
1 46 -24
2 46 -23
3 46 -22
4 46 -22
5 46 -21
6 46 -21
7 46 -21
8 46 -21
9 46 -22
10 46 -23
11 46 -24
12 46 -25
13 46 -27
14 46 -29
15 46 -30
16 46 -31
17 46 -31
18 46 -31
19 46 -32
20 46 -33
21 46 -33
22 46 -33
23 46 -33
24 46 -33
25 46 -33
26 46 -34
27 46 -34
28 46 -34
29 46 -34
30 46 -34
31 46 -34
32 46 -34
33 46 -35
34 46 -35
35 46 -35
36 46 -35
37 46 -35
38 46 -35
39 46 -36
40 46 -36
41 46 -36
42 46 -36
43 46 -36
44 46 -36
45 46 -36
46 46 -37
47 46 -37
48 46 -37
49 46 -37
0 47 -25
1 47 -25
2 47 -24
3 47 -23
4 47 -23
5 47 -23
6 47 -23
7 47 -23
8 47 -23
9 47 -23
10 47 -24
11 47 -25
12 47 -27
13 47 -28
14 47 -29
15 47 -30
16 47 -31
17 47 -31
18 47 -32
19 47 -32
20 47 -33
21 47 -34
22 47 -33
23 47 -33
24 47 -33
25 47 -33
26 47 -33
27 47 -34
28 47 -34
29 47 -34
30 47 -34
31 47 -34
32 47 -35
33 47 -35
34 47 -35
35 47 -35
36 47 -35
37 47 -35
38 47 -36
39 47 -36
40 47 -36
41 47 -36
42 47 -36
43 47 -36
44 47 -37
45 47 -37
46 47 -37
47 47 -37
48 47 -37
49 47 -37
0 48 -26
1 48 -26
2 48 -25
3 48 -25
4 48 -24
5 48 -24
6 48 -24
7 48 -24
8 48 -24
9 48 -25
10 48 -26
11 48 -26
12 48 -28
13 48 -29
14 48 -30
15 48 -31
16 48 -31
17 48 -32
18 48 -32
19 48 -32
20 48 -32
21 48 -33
22 48 -33
23 48 -33
24 48 -33
25 48 -33
26 48 -33
27 48 -34
28 48 -34
29 48 -34
30 48 -34
31 48 -34
32 48 -35
33 48 -35
34 48 -35
35 48 -35
36 48 -35
37 48 -35
38 48 -36
39 48 -36
40 48 -36
41 48 -36
42 48 -36
43 48 -37
44 48 -37
45 48 -37
46 48 -37
47 48 -37
48 48 -37
49 48 -37
0 49 -27
1 49 -27
2 49 -26
3 49 -26
4 49 -25
5 49 -25
6 49 -25
7 49 -25
8 49 -26
9 49 -26
10 49 -27
11 49 -27
12 49 -28
13 49 -29
14 49 -30
15 49 -31
16 49 -31
17 49 -32
18 49 -32
19 49 -32
20 49 -32
21 49 -32
22 49 -32
23 49 -33
24 49 -33
25 49 -33
26 49 -33
27 49 -34
28 49 -34
29 49 -34
30 49 -34
31 49 -35
32 49 -35
33 49 -35
34 49 -35
35 49 -35
36 49 -35
37 49 -36
38 49 -36
39 49 -36
40 49 -36
41 49 -36
42 49 -37
43 49 -37
44 49 -37
45 49 -37
46 49 -37
47 49 -37
48 49 -37
49 49 -37
